0.0000000  0.0007883  0.0128014  0.2563197  0.0475797  0.2902551  0.0045331
0.0402010  0.0007737  0.0129122  0.2568356  0.0470480  0.2897224  0.0045298
0.0804020  0.0007590  0.0130234  0.2573527  0.0465153  0.2892085  0.0045263
0.1206030  0.0007442  0.0131352  0.2578711  0.0459821  0.2887137  0.0045225
0.1608040  0.0007295  0.0132474  0.2583907  0.0454483  0.2882381  0.0045184
0.2010050  0.0007148  0.0133599  0.2589115  0.0449142  0.2877818  0.0045140
0.2412060  0.0007001  0.0134728  0.2594337  0.0443800  0.2873450  0.0045093
0.2814070  0.0006853  0.0135860  0.2599572  0.0438458  0.2869277  0.0045044
0.3216080  0.0006706  0.0136995  0.2604820  0.0433117  0.2865300  0.0044991
0.3618090  0.0006559  0.0138132  0.2610081  0.0427780  0.2861519  0.0044936
0.4020101  0.0006412  0.0139270  0.2615356  0.0422447  0.2857937  0.0044878
0.4422111  0.0006265  0.0140409  0.2620646  0.0417122  0.2854551  0.0044817
0.4824121  0.0006118  0.0141550  0.2625949  0.0411804  0.2851364  0.0044753
0.5226131  0.0005971  0.0142690  0.2631267  0.0406497  0.2848375  0.0044686
0.5628141  0.0005825  0.0143830  0.2636599  0.0401200  0.2845584  0.0044617
0.6030151  0.0005679  0.0144969  0.2641947  0.0395917  0.2842991  0.0044544
0.6432161  0.0005533  0.0146107  0.2647310  0.0390649  0.2840596  0.0044469
0.6834171  0.0005388  0.0147243  0.2652688  0.0385396  0.2838397  0.0044391
0.7236181  0.0005243  0.0148377  0.2658082  0.0380161  0.2836395  0.0044310
0.7638191  0.0005098  0.0149508  0.2663491  0.0374945  0.2834588  0.0044226
0.8040201  0.0004954  0.0150635  0.2668917  0.0369750  0.2832976  0.0044140
0.8442211  0.0004810  0.0151759  0.2674359  0.0364577  0.2831558  0.0044051
0.8844221  0.0004667  0.0152879  0.2679818  0.0359428  0.2830332  0.0043959
0.9246231  0.0004525  0.0153993  0.2685293  0.0354303  0.2829298  0.0043864
0.9648241  0.0004383  0.0155103  0.2690786  0.0349205  0.2828453  0.0043767
1.0050251  0.0004242  0.0156206  0.2696295  0.0344134  0.2827797  0.0043668
1.0452261  0.0004101  0.0157303  0.2701822  0.0339092  0.2827327  0.0043565
1.0854271  0.0003961  0.0158393  0.2707365  0.0334080  0.2827041  0.0043460
1.1256281  0.0003822  0.0159476  0.2712926  0.0329100  0.2826938  0.0043353
1.1658291  0.0003683  0.0160552  0.2718505  0.0324152  0.2827016  0.0043243
1.2060302  0.0003545  0.0161619  0.2724101  0.0319238  0.2827273  0.0043131
1.2462312  0.0003408  0.0162677  0.2729714  0.0314359  0.2827706  0.0043016
1.2864322  0.0003272  0.0163726  0.2735345  0.0309516  0.2828312  0.0042899
1.3266332  0.0003137  0.0164765  0.2740994  0.0304710  0.2829090  0.0042780
1.3668342  0.0003002  0.0165794  0.2746660  0.0299943  0.2830037  0.0042658
1.4070352  0.0002869  0.0166813  0.2752343  0.0295214  0.2831150  0.0042535
1.4472362  0.0002736  0.0167821  0.2758043  0.0290525  0.2832426  0.0042409
1.4874372  0.0002604  0.0168817  0.2763760  0.0285878  0.2833862  0.0042281
1.5276382  0.0002473  0.0169802  0.2769494  0.0281272  0.2835456  0.0042151
1.5678392  0.0002344  0.0170774  0.2775244  0.0276708  0.2837205  0.0042019
1.6080402  0.0002215  0.0171734  0.2781011  0.0272188  0.2839104  0.0041886
1.6482412  0.0002087  0.0172681  0.2786793  0.0267713  0.2841152  0.0041750
1.6884422  0.0001960  0.0173615  0.2792591  0.0263282  0.2843345  0.0041613
1.7286432  0.0001835  0.0174535  0.2798405  0.0258896  0.2845679  0.0041474
1.7688442  0.0001710  0.0175442  0.2804233  0.0254557  0.2848152  0.0041333
1.8090452  0.0001586  0.0176334  0.2810076  0.0250264  0.2850759  0.0041190
1.8492462  0.0001464  0.0177211  0.2815932  0.0246019  0.2853498  0.0041046
1.8894472  0.0001342  0.0178074  0.2821802  0.0241821  0.2856364  0.0040901
1.9296482  0.0001222  0.0178922  0.2827684  0.0237672  0.2859355  0.0040754
1.9698492  0.0001103  0.0179754  0.2833579  0.0233571  0.2862466  0.0040606
2.0100503  0.0000985  0.0180571  0.2839485  0.0229519  0.2865693  0.0040456
2.0502513  0.0000868  0.0181371  0.2845401  0.0225517  0.2869034  0.0040305
2.0904523  0.0000753  0.0182156  0.2851328  0.0221564  0.2872485  0.0040153
2.1306533  0.0000638  0.0182925  0.2857265  0.0217661  0.2876041  0.0040000
2.1708543  0.0000525  0.0183677  0.2863210  0.0213809  0.2879699  0.0039846
2.2110553  0.0000413  0.0184413  0.2869162  0.0210006  0.2883455  0.0039691
2.2512563  0.0000302  0.0185132  0.2875122  0.0206254  0.2887305  0.0039535
2.2914573  0.0000192  0.0185834  0.2881087  0.0202553  0.2891246  0.0039378
2.3316583  0.0000083  0.0186520  0.2887058  0.0198903  0.2895274  0.0039220
2.3718593  -0.0000024  0.0187188  0.2893032  0.0195303  0.2899384  0.0039062
2.4120603  -0.0000130  0.0187839  0.2899010  0.0191754  0.2903573  0.0038902
2.4522613  -0.0000235  0.0188473  0.2904990  0.0188256  0.2907838  0.0038742
2.4924623  -0.0000339  0.0189090  0.2910971  0.0184809  0.2912173  0.0038582
2.5326633  -0.0000441  0.0189690  0.2916952  0.0181412  0.2916576  0.0038421
2.5728643  -0.0000542  0.0190272  0.2922932  0.0178066  0.2921043  0.0038260
2.6130653  -0.0000642  0.0190837  0.2928910  0.0174771  0.2925570  0.0038098
2.6532663  -0.0000741  0.0191385  0.2934884  0.0171526  0.2930153  0.0037936
2.6934673  -0.0000839  0.0191915  0.2940855  0.0168331  0.2934789  0.0037773
2.7336683  -0.0000935  0.0192428  0.2946819  0.0165186  0.2939473  0.0037611
2.7738693  -0.0001030  0.0192924  0.2952776  0.0162090  0.2944202  0.0037448
2.8140704  -0.0001124  0.0193403  0.2958726  0.0159045  0.2948972  0.0037285
2.8542714  -0.0001217  0.0193865  0.2964666  0.0156048  0.2953780  0.0037122
2.8944724  -0.0001308  0.0194310  0.2970596  0.0153100  0.2958622  0.0036959
2.9346734  -0.0001399  0.0194737  0.2976514  0.0150201  0.2963494  0.0036796
2.9748744  -0.0001488  0.0195149  0.2982419  0.0147350  0.2968393  0.0036633
3.0150754  -0.0001576  0.0195543  0.2988310  0.0144548  0.2973316  0.0036470
3.0552764  -0.0001662  0.0195921  0.2994185  0.0141792  0.2978259  0.0036307
3.0954774  -0.0001748  0.0196282  0.3000044  0.0139084  0.2983218  0.0036145
3.1356784  -0.0001832  0.0196628  0.3005884  0.0136423  0.2988190  0.0035983
3.1758794  -0.0001915  0.0196957  0.3011705  0.0133808  0.2993172  0.0035821
3.2160804  -0.0001998  0.0197270  0.3017506  0.0131239  0.2998160  0.0035659
3.2562814  -0.0002078  0.0197568  0.3023284  0.0128715  0.3003152  0.0035498
3.2964824  -0.0002158  0.0197849  0.3029039  0.0126236  0.3008144  0.0035337
3.3366834  -0.0002237  0.0198116  0.3034770  0.0123802  0.3013133  0.0035177
3.3768844  -0.0002314  0.0198367  0.3040475  0.0121412  0.3018116  0.0035017
3.4170854  -0.0002391  0.0198603  0.3046153  0.0119066  0.3023089  0.0034858
3.4572864  -0.0002466  0.0198825  0.3051803  0.0116762  0.3028051  0.0034699
3.4974874  -0.0002540  0.0199032  0.3057423  0.0114502  0.3032997  0.0034541
3.5376884  -0.0002613  0.0199224  0.3063013  0.0112283  0.3037926  0.0034383
3.5778894  -0.0002685  0.0199403  0.3068570  0.0110105  0.3042833  0.0034226
3.6180905  -0.0002756  0.0199567  0.3074095  0.0107969  0.3047717  0.0034070
3.6582915  -0.0002826  0.0199718  0.3079585  0.0105873  0.3052575  0.0033915
3.6984925  -0.0002895  0.0199855  0.3085039  0.0103817  0.3057404  0.0033760
3.7386935  -0.0002963  0.0199979  0.3090457  0.0101801  0.3062201  0.0033606
3.7788945  -0.0003030  0.0200090  0.3095837  0.0099823  0.3066965  0.0033453
3.8190955  -0.0003096  0.0200189  0.3101177  0.0097883  0.3071691  0.0033300
3.8592965  -0.0003161  0.0200275  0.3106478  0.0095981  0.3076379  0.0033149
3.8994975  -0.0003225  0.0200348  0.3111738  0.0094117  0.3081026  0.0032998
3.9396985  -0.0003287  0.0200410  0.3116955  0.0092289  0.3085629  0.0032848
3.9798995  -0.0003349  0.0200459  0.3122129  0.0090497  0.3090186  0.0032699
4.0201005  -0.0003410  0.0200498  0.3127259  0.0088740  0.3094694  0.0032551
4.0603015  -0.0003470  0.0200524  0.3132343  0.0087018  0.3099153  0.0032404
4.1005025  -0.0003529  0.0200540  0.3137381  0.0085331  0.3103559  0.0032258
4.1407035  -0.0003588  0.0200545  0.3142371  0.0083678  0.3107910  0.0032112
4.1809045  -0.0003645  0.0200540  0.3147314  0.0082058  0.3112206  0.0031968
4.2211055  -0.0003701  0.0200524  0.3152207  0.0080470  0.3116442  0.0031825
4.2613065  -0.0003757  0.0200498  0.3157050  0.0078915  0.3120619  0.0031683
4.3015075  -0.0003812  0.0200462  0.3161842  0.0077391  0.3124733  0.0031541
4.3417085  -0.0003866  0.0200417  0.3166583  0.0075898  0.3128784  0.0031401
4.3819095  -0.0003919  0.0200362  0.3171271  0.0074436  0.3132769  0.0031262
4.4221106  -0.0003971  0.0200298  0.3175906  0.0073004  0.3136686  0.0031123
4.4623116  -0.0004022  0.0200225  0.3180486  0.0071601  0.3140534  0.0030986
4.5025126  -0.0004073  0.0200143  0.3185012  0.0070227  0.3144312  0.0030850
4.5427136  -0.0004123  0.0200053  0.3189482  0.0068881  0.3148018  0.0030714
4.5829146  -0.0004172  0.0199954  0.3193896  0.0067564  0.3151650  0.0030580
4.6231156  -0.0004220  0.0199848  0.3198253  0.0066273  0.3155207  0.0030447
4.6633166  -0.0004267  0.0199733  0.3202553  0.0065010  0.3158687  0.0030315
4.7035176  -0.0004314  0.0199611  0.3206794  0.0063773  0.3162090  0.0030184
4.7437186  -0.0004360  0.0199481  0.3210977  0.0062561  0.3165413  0.0030054
4.7839196  -0.0004406  0.0199344  0.3215100  0.0061375  0.3168656  0.0029925
4.8241206  -0.0004451  0.0199200  0.3219163  0.0060214  0.3171817  0.0029797
4.8643216  -0.0004495  0.0199050  0.3223167  0.0059077  0.3174894  0.0029670
4.9045226  -0.0004538  0.0198892  0.3227109  0.0057965  0.3177888  0.0029544
4.9447236  -0.0004581  0.0198728  0.3230990  0.0056875  0.3180796  0.0029420
4.9849246  -0.0004623  0.0198557  0.3234809  0.0055809  0.3183617  0.0029296
5.0251256  -0.0004664  0.0198380  0.3238566  0.0054764  0.3186352  0.0029173
5.0653266  -0.0004705  0.0198198  0.3242260  0.0053742  0.3188997  0.0029051
5.1055276  -0.0004745  0.0198009  0.3245892  0.0052742  0.3191553  0.0028931
5.1457286  -0.0004785  0.0197815  0.3249460  0.0051763  0.3194018  0.0028811
5.1859296  -0.0004824  0.0197615  0.3252965  0.0050804  0.3196391  0.0028692
5.2261307  -0.0004862  0.0197409  0.3256405  0.0049866  0.3198672  0.0028575
5.2663317  -0.0004900  0.0197198  0.3259781  0.0048947  0.3200859  0.0028458
5.3065327  -0.0004937  0.0196983  0.3263093  0.0048048  0.3202952  0.0028342
5.3467337  -0.0004974  0.0196762  0.3266340  0.0047169  0.3204950  0.0028228
5.3869347  -0.0005010  0.0196536  0.3269522  0.0046307  0.3206852  0.0028114
5.4271357  -0.0005046  0.0196305  0.3272638  0.0045464  0.3208657  0.0028001
5.4673367  -0.0005081  0.0196070  0.3275689  0.0044639  0.3210364  0.0027889
5.5075377  -0.0005116  0.0195830  0.3278675  0.0043832  0.3211973  0.0027778
5.5477387  -0.0005150  0.0195586  0.3281594  0.0043041  0.3213483  0.0027668
5.5879397  -0.0005184  0.0195337  0.3284448  0.0042267  0.3214893  0.0027559
5.6281407  -0.0005218  0.0195084  0.3287235  0.0041510  0.3216202  0.0027451
5.6683417  -0.0005250  0.0194827  0.3289956  0.0040769  0.3217410  0.0027344
5.7085427  -0.0005283  0.0194566  0.3292611  0.0040043  0.3218516  0.0027237
5.7487437  -0.0005315  0.0194300  0.3295199  0.0039333  0.3219520  0.0027132
5.7889447  -0.0005347  0.0194031  0.3297721  0.0038638  0.3220420  0.0027027
5.8291457  -0.0005378  0.0193758  0.3300176  0.0037957  0.3221216  0.0026923
5.8693467  -0.0005409  0.0193481  0.3302564  0.0037291  0.3221908  0.0026820
5.9095477  -0.0005439  0.0193201  0.3304886  0.0036639  0.3222495  0.0026718
5.9497487  -0.0005469  0.0192917  0.3307140  0.0036001  0.3222976  0.0026617
5.9899497  -0.0005499  0.0192629  0.3309328  0.0035376  0.3223350  0.0026516
6.0301508  -0.0005528  0.0192338  0.3311449  0.0034764  0.3223618  0.0026416
6.0703518  -0.0005557  0.0192043  0.3313504  0.0034165  0.3223778  0.0026317
6.1105528  -0.0005586  0.0191744  0.3315491  0.0033579  0.3223830  0.0026219
6.1507538  -0.0005614  0.0191443  0.3317411  0.0033005  0.3223774  0.0026121
6.1909548  -0.0005642  0.0191137  0.3319265  0.0032443  0.3223609  0.0026024
6.2311558  -0.0005670  0.0190829  0.3321052  0.0031892  0.3223334  0.0025928
6.2713568  -0.0005697  0.0190517  0.3322772  0.0031354  0.3222949  0.0025833
6.3115578  -0.0005724  0.0190202  0.3324425  0.0030826  0.3222453  0.0025738
6.3517588  -0.0005751  0.0189884  0.3326012  0.0030309  0.3221846  0.0025644
6.3919598  -0.0005778  0.0189562  0.3327531  0.0029804  0.3221127  0.0025550
6.4321608  -0.0005804  0.0189237  0.3328985  0.0029308  0.3220296  0.0025457
6.4723618  -0.0005830  0.0188909  0.3330371  0.0028823  0.3219353  0.0025365
6.5125628  -0.0005856  0.0188578  0.3331692  0.0028348  0.3218296  0.0025273
6.5527638  -0.0005881  0.0188243  0.3332946  0.0027882  0.3217126  0.0025182
6.5929648  -0.0005907  0.0187905  0.3334133  0.0027427  0.3215841  0.0025092
6.6331658  -0.0005932  0.0187565  0.3335254  0.0026980  0.3214442  0.0025002
6.6733668  -0.0005957  0.0187220  0.3336310  0.0026543  0.3212928  0.0024912
6.7135678  -0.0005981  0.0186873  0.3337299  0.0026115  0.3211298  0.0024823
6.7537688  -0.0006006  0.0186522  0.3338222  0.0025695  0.3209553  0.0024735
6.7939698  -0.0006030  0.0186169  0.3339079  0.0025284  0.3207691  0.0024647
6.8341709  -0.0006054  0.0185812  0.3339870  0.0024881  0.3205712  0.0024560
6.8743719  -0.0006078  0.0185452  0.3340596  0.0024486  0.3203616  0.0024473
6.9145729  -0.0006102  0.0185088  0.3341256  0.0024099  0.3201402  0.0024386
6.9547739  -0.0006126  0.0184721  0.3341851  0.0023720  0.3199070  0.0024300
6.9949749  -0.0006149  0.0184351  0.3342380  0.0023349  0.3196619  0.0024214
7.0351759  -0.0006172  0.0183978  0.3342844  0.0022985  0.3194049  0.0024129
7.0753769  -0.0006195  0.0183601  0.3343243  0.0022628  0.3191359  0.0024044
7.1155779  -0.0006218  0.0183221  0.3343577  0.0022279  0.3188550  0.0023959
7.1557789  -0.0006241  0.0182838  0.3343846  0.0021936  0.3185621  0.0023875
7.1959799  -0.0006264  0.0182451  0.3344050  0.0021600  0.3182570  0.0023791
7.2361809  -0.0006287  0.0182061  0.3344190  0.0021271  0.3179399  0.0023708
7.2763819  -0.0006309  0.0181667  0.3344265  0.0020948  0.3176106  0.0023625
7.3165829  -0.0006332  0.0181270  0.3344276  0.0020631  0.3172691  0.0023542
7.3567839  -0.0006354  0.0180869  0.3344222  0.0020320  0.3169154  0.0023459
7.3969849  -0.0006376  0.0180465  0.3344104  0.0020016  0.3165495  0.0023377
7.4371859  -0.0006399  0.0180057  0.3343922  0.0019717  0.3161712  0.0023294
7.4773869  -0.0006421  0.0179645  0.3343677  0.0019425  0.3157806  0.0023212
7.5175879  -0.0006443  0.0179230  0.3343367  0.0019137  0.3153777  0.0023131
7.5577889  -0.0006465  0.0178811  0.3342994  0.0018856  0.3149623  0.0023049
7.5979899  -0.0006487  0.0178389  0.3342558  0.0018579  0.3145345  0.0022968
7.6381910  -0.0006509  0.0177963  0.3342058  0.0018308  0.3140943  0.0022887
7.6783920  -0.0006531  0.0177533  0.3341495  0.0018042  0.3136415  0.0022806
7.7185930  -0.0006552  0.0177099  0.3340869  0.0017781  0.3131763  0.0022725
7.7587940  -0.0006574  0.0176661  0.3340181  0.0017524  0.3126985  0.0022644
7.7989950  -0.0006596  0.0176219  0.3339429  0.0017273  0.3122082  0.0022564
7.8391960  -0.0006618  0.0175774  0.3338615  0.0017026  0.3117052  0.0022483
7.8793970  -0.0006639  0.0175324  0.3337739  0.0016784  0.3111897  0.0022403
7.9195980  -0.0006661  0.0174871  0.3336800  0.0016546  0.3106615  0.0022323
7.9597990  -0.0006683  0.0174413  0.3335800  0.0016313  0.3101207  0.0022243
8.0000000  -0.0006704  0.0173952  0.3334738  0.0016083  0.3095672  0.0022162
