0.0000000 0.0002313 0.5754856 0.1378245 0.7133101 0.0000000 0.0000826
4.0201005 0.0002627 0.5824155 0.1382155 0.7206310 0.0000000 0.0000826
8.0402010 0.0002941 0.5892602 0.1385365 0.7277967 0.0000000 0.0000826
12.0603015 0.0003257 0.5960182 0.1387882 0.7348064 0.0000000 0.0000826
16.0804020 0.0003572 0.6026882 0.1389710 0.7416592 0.0000000 0.0000826
20.1005025 0.0003888 0.6092690 0.1390854 0.7483544 0.0000000 0.0000826
24.1206030 0.0004205 0.6157592 0.1391321 0.7548913 0.0000000 0.0000826
28.1407035 0.0004521 0.6221575 0.1391116 0.7612691 0.0000000 0.0000826
32.1608040 0.0004839 0.6284629 0.1390244 0.7674873 0.0000000 0.0000826
36.1809045 0.0005156 0.6346739 0.1388713 0.7735452 0.0000000 0.0000826
40.2010050 0.0005473 0.6407895 0.1386528 0.7794423 0.0000000 0.0000826
44.2211055 0.0005791 0.6468084 0.1383696 0.7851781 0.0000000 0.0000826
48.2412060 0.0006109 0.6527296 0.1380225 0.7907521 0.0000000 0.0000826
52.2613065 0.0006426 0.6585519 0.1376120 0.7961639 0.0000000 0.0000826
56.2814070 0.0006744 0.6642742 0.1371390 0.8014132 0.0000000 0.0000826
60.3015075 0.0007062 0.6698955 0.1366041 0.8064996 0.0000000 0.0000826
64.3216080 0.0007379 0.6754147 0.1360082 0.8114229 0.0000000 0.0000826
68.3417085 0.0007696 0.6808309 0.1353519 0.8161827 0.0000000 0.0000826
72.3618090 0.0008013 0.6861430 0.1346361 0.8207790 0.0000000 0.0000826
76.3819095 0.0008330 0.6913501 0.1338615 0.8252116 0.0000000 0.0000826
80.4020101 0.0008646 0.6964514 0.1330290 0.8294804 0.0000000 0.0000826
84.4221106 0.0008962 0.7014458 0.1321394 0.8335853 0.0000000 0.0000826
88.4422111 0.0009277 0.7063327 0.1311936 0.8375262 0.0000000 0.0000826
92.4623116 0.0009592 0.7111110 0.1301923 0.8413034 0.0000000 0.0000826
96.4824121 0.0009907 0.7157802 0.1291365 0.8449167 0.0000000 0.0000826
100.5025126 0.0010220 0.7203393 0.1280270 0.8483663 0.0000000 0.0000826
104.5226131 0.0010533 0.7247877 0.1268647 0.8516524 0.0000000 0.0000826
108.5427136 0.0010846 0.7291247 0.1256505 0.8547752 0.0000000 0.0000826
112.5628141 0.0011157 0.7333496 0.1243853 0.8577348 0.0000000 0.0000826
116.5829146 0.0011468 0.7374617 0.1230699 0.8605316 0.0000000 0.0000826
120.6030151 0.0011778 0.7414606 0.1217053 0.8631659 0.0000000 0.0000826
124.6231156 0.0012087 0.7453455 0.1202925 0.8656380 0.0000000 0.0000826
128.6432161 0.0012395 0.7491160 0.1188322 0.8679483 0.0000000 0.0000826
132.6633166 0.0012702 0.7527716 0.1173256 0.8700972 0.0000000 0.0000826
136.6834171 0.0013008 0.7563118 0.1157734 0.8720852 0.0000000 0.0000826
140.7035176 0.0013312 0.7597362 0.1141766 0.8739127 0.0000000 0.0000826
144.7236181 0.0013616 0.7630443 0.1125361 0.8755804 0.0000000 0.0000826
148.7437186 0.0013918 0.7662357 0.1108530 0.8770887 0.0000000 0.0000826
152.7638191 0.0014220 0.7693103 0.1091280 0.8784382 0.0000000 0.0000826
156.7839196 0.0014520 0.7722675 0.1073622 0.8796297 0.0000000 0.0000826
160.8040201 0.0014818 0.7751072 0.1055564 0.8806636 0.0000000 0.0000826
164.8241206 0.0015115 0.7778291 0.1037116 0.8815407 0.0000000 0.0000826
168.8442211 0.0015411 0.7804329 0.1018288 0.8822617 0.0000000 0.0000826
172.8643216 0.0015706 0.7829186 0.0999089 0.8828274 0.0000000 0.0000826
176.8844221 0.0015999 0.7852858 0.0979527 0.8832385 0.0000000 0.0000826
180.9045226 0.0016290 0.7875346 0.0959612 0.8834958 0.0000000 0.0000826
184.9246231 0.0016580 0.7896648 0.0939353 0.8836001 0.0000000 0.0000826
188.9447236 0.0016868 0.7916764 0.0918759 0.8835523 0.0000000 0.0000826
192.9648241 0.0017155 0.7935693 0.0897840 0.8833532 0.0000000 0.0000826
196.9849246 0.0017439 0.7953435 0.0876603 0.8830038 0.0000000 0.0000826
201.0050251 0.0017723 0.7969990 0.0855059 0.8825048 0.0000000 0.0000826
205.0251256 0.0018004 0.7985359 0.0833215 0.8818573 0.0000000 0.0000826
209.0452261 0.0018284 0.7999542 0.0811080 0.8810623 0.0000000 0.0000826
213.0653266 0.0018562 0.8012542 0.0788664 0.8801206 0.0000000 0.0000826
217.0854271 0.0018838 0.8024358 0.0765974 0.8790332 0.0000000 0.0000826
221.1055276 0.0019112 0.8034993 0.0743020 0.8778013 0.0000000 0.0000826
225.1256281 0.0019385 0.8044448 0.0719808 0.8764257 0.0000000 0.0000826
229.1457286 0.0019655 0.8052727 0.0696349 0.8749075 0.0000000 0.0000826
233.1658291 0.0019923 0.8059830 0.0672648 0.8732478 0.0000000 0.0000826
237.1859296 0.0020190 0.8065761 0.0648716 0.8714477 0.0000000 0.0000826
241.2060302 0.0020455 0.8070523 0.0624559 0.8695082 0.0000000 0.0000826
245.2261307 0.0020717 0.8074119 0.0600185 0.8674304 0.0000000 0.0000826
249.2462312 0.0020978 0.8076552 0.0575603 0.8652154 0.0000000 0.0000826
253.2663317 0.0021236 0.8077826 0.0550818 0.8628644 0.0000000 0.0000826
257.2864322 0.0021492 0.8077945 0.0525840 0.8603784 0.0000000 0.0000826
261.3065327 0.0021746 0.8076912 0.0500674 0.8577586 0.0000000 0.0000826
265.3266332 0.0021999 0.8074734 0.0475328 0.8550062 0.0000000 0.0000826
269.3467337 0.0022248 0.8071413 0.0449810 0.8521223 0.0000000 0.0000826
273.3668342 0.0022496 0.8066955 0.0424125 0.8491080 0.0000000 0.0000826
277.3869347 0.0022742 0.8061364 0.0398281 0.8459645 0.0000000 0.0000826
281.4070352 0.0022985 0.8054646 0.0372284 0.8426930 0.0000000 0.0000826
285.4271357 0.0023226 0.8046807 0.0346140 0.8392947 0.0000000 0.0000826
289.4472362 0.0023465 0.8037852 0.0319856 0.8357708 0.0000000 0.0000826
293.4673367 0.0023702 0.8027787 0.0293437 0.8321224 0.0000000 0.0000826
297.4874372 0.0023936 0.8016617 0.0266890 0.8283507 0.0000000 0.0000826
301.5075377 0.0024168 0.8004350 0.0240221 0.8244570 0.0000000 0.0000826
305.5276382 0.0024398 0.7990991 0.0213434 0.8204425 0.0000000 0.0000826
309.5477387 0.0024626 0.7976547 0.0186535 0.8163082 0.0000000 0.0000826
313.5678392 0.0024851 0.7961025 0.0159531 0.8120555 0.0000000 0.0000826
317.5879397 0.0025074 0.7944431 0.0132425 0.8076856 0.0000000 0.0000826
321.6080402 0.0025294 0.7926774 0.0105223 0.8031997 0.0000000 0.0000826
325.6281407 0.0025512 0.7908060 0.0077929 0.7985989 0.0000000 0.0000826
329.6482412 0.0025728 0.7888296 0.0050549 0.7938845 0.0000000 0.0000826
333.6683417 0.0025941 0.7867491 0.0023086 0.7890577 0.0000000 0.0000826
337.6884422 0.0026152 0.7845651 -0.0004455 0.7841197 0.0000000 0.0000826
341.7085427 0.0026361 0.7822786 -0.0032069 0.7790717 0.0000000 0.0000826
345.7286432 0.0026567 0.7798902 -0.0059753 0.7739149 0.0000000 0.0000826
349.7487437 0.0026771 0.7774009 -0.0087503 0.7686505 0.0000000 0.0000826
353.7688442 0.0026973 0.7748114 -0.0115316 0.7632798 0.0000000 0.0000826
357.7889447 0.0027172 0.7721226 -0.0143187 0.7578039 0.0000000 0.0000826
361.8090452 0.0027369 0.7693353 -0.0171113 0.7522240 0.0000000 0.0000826
365.8291457 0.0027563 0.7664504 -0.0199091 0.7465414 0.0000000 0.0000826
369.8492462 0.0027755 0.7634689 -0.0227118 0.7407571 0.0000000 0.0000826
373.8693467 0.0027944 0.7603916 -0.0255191 0.7348725 0.0000000 0.0000826
377.8894472 0.0028131 0.7572194 -0.0283307 0.7288886 0.0000000 0.0000826
381.9095477 0.0028316 0.7539532 -0.0311464 0.7228068 0.0000000 0.0000826
385.9296482 0.0028498 0.7505940 -0.0339659 0.7166280 0.0000000 0.0000826
389.9497487 0.0028678 0.7471426 -0.0367890 0.7103536 0.0000000 0.0000826
393.9698492 0.0028856 0.7436002 -0.0396155 0.7039847 0.0000000 0.0000826
397.9899497 0.0029031 0.7399675 -0.0424451 0.6975224 0.0000000 0.0000826
402.0100503 0.0029203 0.7362456 -0.0452777 0.6909680 0.0000000 0.0000826
406.0301508 0.0029374 0.7324355 -0.0481130 0.6843225 0.0000000 0.0000826
410.0502513 0.0029541 0.7285381 -0.0509510 0.6775871 0.0000000 0.0000826
414.0703518 0.0029707 0.7245545 -0.0537915 0.6707629 0.0000000 0.0000826
418.0904523 0.0029870 0.7204856 -0.0566344 0.6638512 0.0000000 0.0000826
422.1105528 0.0030030 0.7163324 -0.0594795 0.6568529 0.0000000 0.0000826
426.1306533 0.0030189 0.7120960 -0.0623267 0.6497693 0.0000000 0.0000826
430.1507538 0.0030345 0.7077774 -0.0651760 0.6426014 0.0000000 0.0000826
434.1708543 0.0030498 0.7033776 -0.0680273 0.6353504 0.0000000 0.0000826
438.1909548 0.0030649 0.6988977 -0.0708804 0.6280173 0.0000000 0.0000826
442.2110553 0.0030798 0.6943386 -0.0737354 0.6206032 0.0000000 0.0000826
446.2311558 0.0030944 0.6897015 -0.0765922 0.6131093 0.0000000 0.0000826
450.2512563 0.0031088 0.6849873 -0.0794508 0.6055365 0.0000000 0.0000826
454.2713568 0.0031230 0.6801972 -0.0823111 0.5978860 0.0000000 0.0000826
458.2914573 0.0031369 0.6753321 -0.0851732 0.5901589 0.0000000 0.0000826
462.3115578 0.0031506 0.6703932 -0.0880371 0.5823561 0.0000000 0.0000826
466.3316583 0.0031641 0.6653816 -0.0909028 0.5744788 0.0000000 0.0000826
470.3517588 0.0031773 0.6602982 -0.0937703 0.5665279 0.0000000 0.0000826
474.3718593 0.0031903 0.6551442 -0.0966397 0.5585045 0.0000000 0.0000826
478.3919598 0.0032031 0.6499206 -0.0995110 0.5504096 0.0000000 0.0000826
482.4120603 0.0032157 0.6446285 -0.1023843 0.5422442 0.0000000 0.0000826
486.4321608 0.0032280 0.6392689 -0.1052596 0.5340093 0.0000000 0.0000826
490.4522613 0.0032401 0.6338431 -0.1081372 0.5257059 0.0000000 0.0000826
494.4723618 0.0032519 0.6283519 -0.1110169 0.5173350 0.0000000 0.0000826
498.4924623 0.0032636 0.6227966 -0.1138991 0.5088975 0.0000000 0.0000826
502.5125628 0.0032750 0.6171782 -0.1167838 0.5003945 0.0000000 0.0000826
506.5326633 0.0032862 0.6114978 -0.1196710 0.4918268 0.0000000 0.0000826
510.5527638 0.0032971 0.6057564 -0.1225611 0.4831953 0.0000000 0.0000826
514.5728643 0.0033079 0.5999552 -0.1254540 0.4745012 0.0000000 0.0000826
518.5929648 0.0033184 0.5940952 -0.1283500 0.4657451 0.0000000 0.0000826
522.6130653 0.0033287 0.5881775 -0.1312493 0.4569282 0.0000000 0.0000826
526.6331658 0.0033388 0.5822032 -0.1341520 0.4480512 0.0000000 0.0000826
530.6532663 0.0033487 0.5761733 -0.1370583 0.4391150 0.0000000 0.0000826
534.6733668 0.0033583 0.5700890 -0.1399684 0.4301206 0.0000000 0.0000826
538.6934673 0.0033678 0.5639513 -0.1428825 0.4210688 0.0000000 0.0000826
542.7135678 0.0033770 0.5577613 -0.1458008 0.4119605 0.0000000 0.0000826
546.7336683 0.0033860 0.5515200 -0.1487236 0.4027965 0.0000000 0.0000826
550.7537688 0.0033948 0.5452286 -0.1516510 0.3935776 0.0000000 0.0000826
554.7738693 0.0034033 0.5388881 -0.1545834 0.3843047 0.0000000 0.0000826
558.7939698 0.0034117 0.5324996 -0.1575210 0.3749786 0.0000000 0.0000826
562.8140704 0.0034199 0.5260641 -0.1604639 0.3656002 0.0000000 0.0000826
566.8341709 0.0034278 0.5195827 -0.1634126 0.3561701 0.0000000 0.0000826
570.8542714 0.0034356 0.5130564 -0.1663672 0.3466892 0.0000000 0.0000826
574.8743719 0.0034431 0.5064864 -0.1693281 0.3371583 0.0000000 0.0000826
578.8944724 0.0034504 0.4998736 -0.1722955 0.3275782 0.0000000 0.0000826
582.9145729 0.0034575 0.4932192 -0.1752697 0.3179495 0.0000000 0.0000826
586.9346734 0.0034645 0.4865241 -0.1782510 0.3082731 0.0000000 0.0000826
590.9547739 0.0034712 0.4797894 -0.1812397 0.2985497 0.0000000 0.0000826
594.9748744 0.0034777 0.4730162 -0.1842362 0.2887800 0.0000000 0.0000826
598.9949749 0.0034840 0.4662055 -0.1872408 0.2789647 0.0000000 0.0000826
603.0150754 0.0034901 0.4593583 -0.1902537 0.2691045 0.0000000 0.0000826
607.0351759 0.0034960 0.4524756 -0.1932754 0.2592002 0.0000000 0.0000826
611.0552764 0.0035017 0.4455585 -0.1963062 0.2492524 0.0000000 0.0000826
615.0753769 0.0035073 0.4386081 -0.1993464 0.2392617 0.0000000 0.0000826
619.0954774 0.0035126 0.4316253 -0.2023963 0.2292289 0.0000000 0.0000826
623.1155779 0.0035177 0.4246111 -0.2054564 0.2191547 0.0000000 0.0000826
627.1356784 0.0035226 0.4175666 -0.2085270 0.2090396 0.0000000 0.0000826
631.1557789 0.0035274 0.4104928 -0.2116084 0.1988843 0.0000000 0.0000826
635.1758794 0.0035319 0.4033906 -0.2147011 0.1886895 0.0000000 0.0000826
639.1959799 0.0035363 0.3962612 -0.2178054 0.1784558 0.0000000 0.0000826
643.2160804 0.0035404 0.3891054 -0.2209218 0.1681837 0.0000000 0.0000826
647.2361809 0.0035444 0.3819244 -0.2240505 0.1578739 0.0000000 0.0000826
651.2562814 0.0035482 0.3747190 -0.2271921 0.1475270 0.0000000 0.0000826
655.2763819 0.0035518 0.3674904 -0.2303468 0.1371435 0.0000000 0.0000826
659.2964824 0.0035552 0.3602394 -0.2335152 0.1267241 0.0000000 0.0000826
663.3165829 0.0035584 0.3529670 -0.2366976 0.1162694 0.0000000 0.0000826
667.3366834 0.0035614 0.3456743 -0.2398945 0.1057798 0.0000000 0.0000826
671.3567839 0.0035643 0.3383623 -0.2431062 0.0952561 0.0000000 0.0000826
675.3768844 0.0035669 0.3310318 -0.2463333 0.0846986 0.0000000 0.0000826
679.3969849 0.0035694 0.3236840 -0.2495760 0.0741080 0.0000000 0.0000826
683.4170854 0.0035717 0.3163196 -0.2528349 0.0634847 0.0000000 0.0000826
687.4371859 0.0035738 0.3089399 -0.2561104 0.0528295 0.0000000 0.0000826
691.4572864 0.0035757 0.3015456 -0.2594029 0.0421426 0.0000000 0.0000826
695.4773869 0.0035775 0.2941377 -0.2627129 0.0314248 0.0000000 0.0000826
699.4974874 0.0035790 0.2867173 -0.2660408 0.0206765 0.0000000 0.0000826
703.5175879 0.0035804 0.2792853 -0.2693871 0.0098982 0.0000000 0.0000826
707.5376884 0.0035816 0.2718426 -0.2727522 -0.0009096 0.0000000 0.0000826
711.5577889 0.0035827 0.2643902 -0.2761366 -0.0117464 0.0000000 0.0000826
715.5778894 0.0035835 0.2569291 -0.2795407 -0.0226117 0.0000000 0.0000826
719.5979899 0.0035842 0.2494602 -0.2829651 -0.0335049 0.0000000 0.0000826
723.6180905 0.0035846 0.2419844 -0.2864100 -0.0444256 0.0000000 0.0000826
727.6381910 0.0035850 0.2345028 -0.2898761 -0.0553734 0.0000000 0.0000826
731.6582915 0.0035851 0.2270162 -0.2933638 -0.0663476 0.0000000 0.0000826
735.6783920 0.0035850 0.2195256 -0.2968735 -0.0773479 0.0000000 0.0000826
739.6984925 0.0035848 0.2120320 -0.3004057 -0.0883738 0.0000000 0.0000826
743.7185930 0.0035844 0.2045362 -0.3039609 -0.0994247 0.0000000 0.0000826
747.7386935 0.0035839 0.1970394 -0.3075396 -0.1105003 0.0000000 0.0000826
751.7587940 0.0035831 0.1895423 -0.3111422 -0.1215999 0.0000000 0.0000826
755.7788945 0.0035822 0.1820459 -0.3147692 -0.1327233 0.0000000 0.0000826
759.7989950 0.0035811 0.1745511 -0.3184210 -0.1438699 0.0000000 0.0000826
763.8190955 0.0035799 0.1670590 -0.3220982 -0.1550391 0.0000000 0.0000826
767.8391960 0.0035784 0.1595704 -0.3258011 -0.1662307 0.0000000 0.0000826
771.8592965 0.0035768 0.1520863 -0.3295303 -0.1774440 0.0000000 0.0000826
775.8793970 0.0035750 0.1446076 -0.3332863 -0.1886786 0.0000000 0.0000826
779.8994975 0.0035731 0.1371353 -0.3370694 -0.1999341 0.0000000 0.0000826
783.9195980 0.0035710 0.1296702 -0.3408802 -0.2112100 0.0000000 0.0000826
787.9396985 0.0035687 0.1222134 -0.3447191 -0.2225057 0.0000000 0.0000826
791.9597990 0.0035662 0.1147657 -0.3485866 -0.2338209 0.0000000 0.0000826
795.9798995 0.0035636 0.1073280 -0.3524830 -0.2451550 0.0000000 0.0000826
800.0000000 0.0035608 0.0999014 -0.3564090 -0.2565076 0.0000000 0.0000826
