0.0000000 -0.0000080 0.0048305 -0.0043843 0.0004462 0.9970986 0.4987487
4.0201005 -0.0000078 0.0047363 -0.0042652 0.0004711 0.9971334 0.4987660
8.0402010 -0.0000076 0.0046433 -0.0041484 0.0004949 0.9971672 0.4987828
12.0603015 -0.0000074 0.0045514 -0.0040340 0.0005174 0.9971998 0.4987991
16.0804020 -0.0000072 0.0044606 -0.0039220 0.0005386 0.9972315 0.4988150
20.1005025 -0.0000071 0.0043709 -0.0038122 0.0005587 0.9972620 0.4988303
24.1206030 -0.0000069 0.0042822 -0.0037046 0.0005777 0.9972916 0.4988452
28.1407035 -0.0000067 0.0041946 -0.0035991 0.0005955 0.9973201 0.4988597
32.1608040 -0.0000066 0.0041080 -0.0034958 0.0006122 0.9973476 0.4988736
36.1809045 -0.0000064 0.0040223 -0.0033944 0.0006279 0.9973742 0.4988872
40.2010050 -0.0000063 0.0039377 -0.0032951 0.0006426 0.9973997 0.4989003
44.2211055 -0.0000061 0.0038539 -0.0031977 0.0006562 0.9974242 0.4989129
48.2412060 -0.0000059 0.0037711 -0.0031022 0.0006689 0.9974478 0.4989251
52.2613065 -0.0000058 0.0036892 -0.0030086 0.0006806 0.9974705 0.4989369
56.2814070 -0.0000057 0.0036081 -0.0029167 0.0006914 0.9974921 0.4989482
60.3015075 -0.0000055 0.0035279 -0.0028267 0.0007012 0.9975129 0.4989591
64.3216080 -0.0000054 0.0034485 -0.0027383 0.0007102 0.9975327 0.4989697
68.3417085 -0.0000052 0.0033699 -0.0026516 0.0007183 0.9975516 0.4989797
72.3618090 -0.0000051 0.0032921 -0.0025665 0.0007256 0.9975695 0.4989894
76.3819095 -0.0000049 0.0032150 -0.0024830 0.0007320 0.9975866 0.4989987
80.4020101 -0.0000048 0.0031387 -0.0024010 0.0007377 0.9976028 0.4990076
84.4221106 -0.0000047 0.0030631 -0.0023206 0.0007425 0.9976180 0.4990161
88.4422111 -0.0000045 0.0029881 -0.0022416 0.0007466 0.9976324 0.4990242
92.4623116 -0.0000044 0.0029139 -0.0021640 0.0007499 0.9976458 0.4990319
96.4824121 -0.0000043 0.0028402 -0.0020878 0.0007525 0.9976584 0.4990392
100.5025126 -0.0000042 0.0027673 -0.0020129 0.0007543 0.9976701 0.4990461
104.5226131 -0.0000040 0.0026949 -0.0019394 0.0007554 0.9976810 0.4990526
108.5427136 -0.0000039 0.0026230 -0.0018672 0.0007559 0.9976909 0.4990588
112.5628141 -0.0000038 0.0025518 -0.0017961 0.0007556 0.9977000 0.4990646
116.5829146 -0.0000037 0.0024811 -0.0017263 0.0007547 0.9977083 0.4990700
120.6030151 -0.0000035 0.0024108 -0.0016577 0.0007532 0.9977156 0.4990750
124.6231156 -0.0000034 0.0023411 -0.0015902 0.0007509 0.9977221 0.4990796
128.6432161 -0.0000033 0.0022719 -0.0015238 0.0007481 0.9977278 0.4990839
132.6633166 -0.0000032 0.0022031 -0.0014585 0.0007446 0.9977325 0.4990878
136.6834171 -0.0000031 0.0021347 -0.0013942 0.0007405 0.9977365 0.4990914
140.7035176 -0.0000030 0.0020667 -0.0013309 0.0007357 0.9977395 0.4990946
144.7236181 -0.0000029 0.0019991 -0.0012687 0.0007304 0.9977417 0.4990974
148.7437186 -0.0000027 0.0019318 -0.0012074 0.0007245 0.9977431 0.4990999
152.7638191 -0.0000026 0.0018649 -0.0011470 0.0007180 0.9977436 0.4991020
156.7839196 -0.0000025 0.0017983 -0.0010875 0.0007108 0.9977432 0.4991037
160.8040201 -0.0000024 0.0017320 -0.0010288 0.0007032 0.9977420 0.4991051
164.8241206 -0.0000023 0.0016660 -0.0009710 0.0006949 0.9977398 0.4991061
168.8442211 -0.0000022 0.0016002 -0.0009141 0.0006861 0.9977369 0.4991068
172.8643216 -0.0000021 0.0015346 -0.0008579 0.0006767 0.9977330 0.4991071
176.8844221 -0.0000020 0.0014692 -0.0008025 0.0006667 0.9977283 0.4991070
180.9045226 -0.0000019 0.0014040 -0.0007478 0.0006562 0.9977228 0.4991066
184.9246231 -0.0000018 0.0013390 -0.0006938 0.0006451 0.9977163 0.4991058
188.9447236 -0.0000017 0.0012741 -0.0006405 0.0006335 0.9977090 0.4991046
192.9648241 -0.0000016 0.0012092 -0.0005879 0.0006213 0.9977007 0.4991031
196.9849246 -0.0000015 0.0011445 -0.0005360 0.0006086 0.9976916 0.4991013
201.0050251 -0.0000014 0.0010799 -0.0004846 0.0005953 0.9976816 0.4990990
205.0251256 -0.0000013 0.0010153 -0.0004339 0.0005814 0.9976707 0.4990965
209.0452261 -0.0000012 0.0009507 -0.0003837 0.0005670 0.9976588 0.4990935
213.0653266 -0.0000011 0.0008860 -0.0003340 0.0005520 0.9976461 0.4990902
217.0854271 -0.0000010 0.0008214 -0.0002849 0.0005365 0.9976324 0.4990865
221.1055276 -0.0000009 0.0007567 -0.0002363 0.0005204 0.9976178 0.4990824
225.1256281 -0.0000008 0.0006919 -0.0001882 0.0005037 0.9976023 0.4990780
229.1457286 -0.0000007 0.0006270 -0.0001406 0.0004864 0.9975858 0.4990732
233.1658291 -0.0000006 0.0005620 -0.0000934 0.0004686 0.9975684 0.4990680
237.1859296 -0.0000005 0.0004968 -0.0000466 0.0004502 0.9975500 0.4990625
241.2060302 -0.0000004 0.0004315 -0.0000003 0.0004312 0.9975306 0.4990565
245.2261307 -0.0000003 0.0003659 0.0000457 0.0004116 0.9975103 0.4990502
249.2462312 -0.0000002 0.0003002 0.0000913 0.0003914 0.9974890 0.4990435
253.2663317 -0.0000001 0.0002341 0.0001365 0.0003706 0.9974667 0.4990364
257.2864322 -0.0000001 0.0001678 0.0001814 0.0003492 0.9974434 0.4990290
261.3065327 0.0000000 0.0001011 0.0002260 0.0003271 0.9974190 0.4990211
265.3266332 0.0000001 0.0000342 0.0002703 0.0003044 0.9973936 0.4990128
269.3467337 0.0000002 -0.0000332 0.0003143 0.0002811 0.9973672 0.4990042
273.3668342 0.0000003 -0.0001009 0.0003580 0.0002571 0.9973398 0.4989951
277.3869347 0.0000004 -0.0001690 0.0004015 0.0002325 0.9973112 0.4989856
281.4070352 0.0000005 -0.0002376 0.0004448 0.0002072 0.9972816 0.4989757
285.4271357 0.0000006 -0.0003067 0.0004878 0.0001812 0.9972509 0.4989654
289.4472362 0.0000007 -0.0003762 0.0005307 0.0001544 0.9972191 0.4989547
293.4673367 0.0000008 -0.0004463 0.0005733 0.0001270 0.9971862 0.4989436
297.4874372 0.0000009 -0.0005169 0.0006158 0.0000989 0.9971521 0.4989320
301.5075377 0.0000010 -0.0005882 0.0006581 0.0000700 0.9971169 0.4989200
305.5276382 0.0000011 -0.0006600 0.0007003 0.0000403 0.9970805 0.4989075
309.5477387 0.0000012 -0.0007325 0.0007424 0.0000099 0.9970429 0.4988946
313.5678392 0.0000013 -0.0008057 0.0007844 -0.0000213 0.9970042 0.4988813
317.5879397 0.0000014 -0.0008796 0.0008262 -0.0000534 0.9969642 0.4988675
321.6080402 0.0000015 -0.0009542 0.0008680 -0.0000862 0.9969230 0.4988533
325.6281407 0.0000016 -0.0010296 0.0009097 -0.0001199 0.9968805 0.4988385
329.6482412 0.0000017 -0.0011058 0.0009514 -0.0001544 0.9968368 0.4988233
333.6683417 0.0000018 -0.0011829 0.0009930 -0.0001899 0.9967917 0.4988077
337.6884422 0.0000019 -0.0012608 0.0010346 -0.0002262 0.9967454 0.4987915
341.7085427 0.0000020 -0.0013396 0.0010762 -0.0002634 0.9966977 0.4987748
345.7286432 0.0000021 -0.0014194 0.0011178 -0.0003016 0.9966487 0.4987577
349.7487437 0.0000022 -0.0015001 0.0011593 -0.0003408 0.9965983 0.4987400
353.7688442 0.0000023 -0.0015819 0.0012009 -0.0003809 0.9965466 0.4987218
357.7889447 0.0000024 -0.0016647 0.0012426 -0.0004221 0.9964934 0.4987031
361.8090452 0.0000025 -0.0017485 0.0012843 -0.0004643 0.9964387 0.4986839
365.8291457 0.0000026 -0.0018335 0.0013260 -0.0005075 0.9963826 0.4986641
369.8492462 0.0000027 -0.0019197 0.0013678 -0.0005519 0.9963251 0.4986438
373.8693467 0.0000028 -0.0020070 0.0014097 -0.0005973 0.9962660 0.4986230
377.8894472 0.0000030 -0.0020956 0.0014517 -0.0006439 0.9962053 0.4986015
381.9095477 0.0000031 -0.0021855 0.0014938 -0.0006917 0.9961431 0.4985795
385.9296482 0.0000032 -0.0022767 0.0015360 -0.0007407 0.9960793 0.4985569
389.9497487 0.0000033 -0.0023692 0.0015783 -0.0007909 0.9960139 0.4985338
393.9698492 0.0000034 -0.0024631 0.0016208 -0.0008423 0.9959469 0.4985100
397.9899497 0.0000035 -0.0025585 0.0016634 -0.0008951 0.9958781 0.4984856
402.0100503 0.0000037 -0.0026553 0.0017061 -0.0009492 0.9958077 0.4984606
406.0301508 0.0000038 -0.0027537 0.0017491 -0.0010046 0.9957355 0.4984350
410.0502513 0.0000039 -0.0028536 0.0017922 -0.0010615 0.9956616 0.4984087
414.0703518 0.0000040 -0.0029552 0.0018354 -0.0011198 0.9955858 0.4983817
418.0904523 0.0000041 -0.0030584 0.0018789 -0.0011795 0.9955083 0.4983541
422.1105528 0.0000043 -0.0031634 0.0019226 -0.0012408 0.9954288 0.4983259
426.1306533 0.0000044 -0.0032700 0.0019665 -0.0013035 0.9953475 0.4982969
430.1507538 0.0000045 -0.0033785 0.0020106 -0.0013679 0.9952642 0.4982672
434.1708543 0.0000047 -0.0034889 0.0020549 -0.0014339 0.9951789 0.4982368
438.1909548 0.0000048 -0.0036011 0.0020995 -0.0015016 0.9950916 0.4982057
442.2110553 0.0000049 -0.0037153 0.0021443 -0.0015710 0.9950023 0.4981739
446.2311558 0.0000051 -0.0038315 0.0021894 -0.0016421 0.9949109 0.4981413
450.2512563 0.0000052 -0.0039498 0.0022347 -0.0017151 0.9948174 0.4981079
454.2713568 0.0000054 -0.0040702 0.0022803 -0.0017899 0.9947217 0.4980738
458.2914573 0.0000055 -0.0041928 0.0023262 -0.0018666 0.9946238 0.4980389
462.3115578 0.0000056 -0.0043176 0.0023724 -0.0019452 0.9945236 0.4980031
466.3316583 0.0000058 -0.0044446 0.0024188 -0.0020258 0.9944211 0.4979665
470.3517588 0.0000059 -0.0045741 0.0024656 -0.0021085 0.9943163 0.4979291
474.3718593 0.0000061 -0.0047059 0.0025126 -0.0021933 0.9942091 0.4978908
478.3919598 0.0000063 -0.0048402 0.0025600 -0.0022802 0.9940995 0.4978517
482.4120603 0.0000064 -0.0049770 0.0026076 -0.0023693 0.9939873 0.4978117
486.4321608 0.0000066 -0.0051164 0.0026556 -0.0024607 0.9938727 0.4977707
490.4522613 0.0000067 -0.0052584 0.0027039 -0.0025545 0.9937554 0.4977289
494.4723618 0.0000069 -0.0054032 0.0027526 -0.0026506 0.9936356 0.4976861
498.4924623 0.0000071 -0.0055507 0.0028016 -0.0027491 0.9935130 0.4976423
502.5125628 0.0000073 -0.0057011 0.0028509 -0.0028502 0.9933877 0.4975976
506.5326633 0.0000074 -0.0058544 0.0029005 -0.0029539 0.9932596 0.4975518
510.5527638 0.0000076 -0.0060107 0.0029505 -0.0030602 0.9931286 0.4975051
514.5728643 0.0000078 -0.0061701 0.0030009 -0.0031692 0.9929948 0.4974573
518.5929648 0.0000080 -0.0063326 0.0030516 -0.0032810 0.9928579 0.4974084
522.6130653 0.0000082 -0.0064983 0.0031027 -0.0033956 0.9927180 0.4973585
526.6331658 0.0000084 -0.0066673 0.0031541 -0.0035132 0.9925751 0.4973075
530.6532663 0.0000085 -0.0068396 0.0032059 -0.0036337 0.9924289 0.4972553
534.6733668 0.0000087 -0.0070154 0.0032581 -0.0037574 0.9922796 0.4972020
538.6934673 0.0000089 -0.0071948 0.0033106 -0.0038842 0.9921269 0.4971476
542.7135678 0.0000091 -0.0073777 0.0033635 -0.0040142 0.9919709 0.4970919
546.7336683 0.0000094 -0.0075643 0.0034168 -0.0041475 0.9918115 0.4970351
550.7537688 0.0000096 -0.0077547 0.0034704 -0.0042843 0.9916486 0.4969770
554.7738693 0.0000098 -0.0079489 0.0035244 -0.0044245 0.9914821 0.4969176
558.7939698 0.0000100 -0.0081471 0.0035788 -0.0045683 0.9913119 0.4968570
562.8140704 0.0000102 -0.0083494 0.0036335 -0.0047158 0.9911380 0.4967950
566.8341709 0.0000105 -0.0085557 0.0036886 -0.0048671 0.9909603 0.4967317
570.8542714 0.0000107 -0.0087663 0.0037441 -0.0050222 0.9907788 0.4966671
574.8743719 0.0000109 -0.0089812 0.0037999 -0.0051813 0.9905933 0.4966010
578.8944724 0.0000112 -0.0092005 0.0038561 -0.0053444 0.9904037 0.4965335
582.9145729 0.0000114 -0.0094244 0.0039127 -0.0055117 0.9902100 0.4964646
586.9346734 0.0000117 -0.0096528 0.0039696 -0.0056832 0.9900121 0.4963941
590.9547739 0.0000119 -0.0098860 0.0040269 -0.0058591 0.9898099 0.4963222
594.9748744 0.0000122 -0.0101240 0.0040845 -0.0060395 0.9896033 0.4962487
598.9949749 0.0000124 -0.0103669 0.0041424 -0.0062245 0.9893921 0.4961737
603.0150754 0.0000127 -0.0106149 0.0042007 -0.0064142 0.9891764 0.4960970
607.0351759 0.0000130 -0.0108680 0.0042592 -0.0066087 0.9889561 0.4960187
611.0552764 0.0000133 -0.0111264 0.0043182 -0.0068082 0.9887309 0.4959387
615.0753769 0.0000136 -0.0113901 0.0043774 -0.0070128 0.9885008 0.4958571
619.0954774 0.0000138 -0.0116594 0.0044369 -0.0072225 0.9882658 0.4957736
623.1155779 0.0000141 -0.0119343 0.0044967 -0.0074376 0.9880256 0.4956884
627.1356784 0.0000144 -0.0122149 0.0045568 -0.0076581 0.9877803 0.4956014
631.1557789 0.0000147 -0.0125014 0.0046171 -0.0078843 0.9875296 0.4955125
635.1758794 0.0000151 -0.0127939 0.0046777 -0.0081161 0.9872735 0.4954218
639.1959799 0.0000154 -0.0130925 0.0047386 -0.0083539 0.9870119 0.4953291
643.2160804 0.0000157 -0.0133973 0.0047997 -0.0085977 0.9867445 0.4952344
647.2361809 0.0000160 -0.0137086 0.0048610 -0.0088476 0.9864714 0.4951377
651.2562814 0.0000164 -0.0140264 0.0049225 -0.0091039 0.9861924 0.4950390
655.2763819 0.0000167 -0.0143508 0.0049842 -0.0093666 0.9859073 0.4949381
659.2964824 0.0000171 -0.0146820 0.0050460 -0.0096360 0.9856161 0.4948352
663.3165829 0.0000174 -0.0150202 0.0051080 -0.0099122 0.9853186 0.4947300
667.3366834 0.0000178 -0.0153655 0.0051701 -0.0101954 0.9850146 0.4946226
671.3567839 0.0000182 -0.0157180 0.0052323 -0.0104857 0.9847040 0.4945130
675.3768844 0.0000185 -0.0160779 0.0052946 -0.0107833 0.9843868 0.4944010
679.3969849 0.0000189 -0.0164454 0.0053570 -0.0110884 0.9840626 0.4942866
683.4170854 0.0000193 -0.0168206 0.0054194 -0.0114012 0.9837315 0.4941698
687.4371859 0.0000197 -0.0172037 0.0054818 -0.0117219 0.9833932 0.4940506
691.4572864 0.0000201 -0.0175948 0.0055441 -0.0120506 0.9830475 0.4939288
695.4773869 0.0000206 -0.0179941 0.0056065 -0.0123876 0.9826944 0.4938045
699.4974874 0.0000210 -0.0184017 0.0056687 -0.0127330 0.9823337 0.4936775
703.5175879 0.0000214 -0.0188180 0.0057309 -0.0130871 0.9819651 0.4935479
707.5376884 0.0000219 -0.0192429 0.0057929 -0.0134501 0.9815886 0.4934155
711.5577889 0.0000223 -0.0196768 0.0058547 -0.0138221 0.9812040 0.4932804
715.5778894 0.0000228 -0.0201197 0.0059163 -0.0142034 0.9808110 0.4931423
719.5979899 0.0000232 -0.0205719 0.0059777 -0.0145943 0.9804096 0.4930014
723.6180905 0.0000237 -0.0210336 0.0060387 -0.0149949 0.9799994 0.4928575
727.6381910 0.0000242 -0.0215049 0.0060995 -0.0154054 0.9795805 0.4927106
731.6582915 0.0000247 -0.0219861 0.0061598 -0.0158262 0.9791524 0.4925605
735.6783920 0.0000252 -0.0224773 0.0062198 -0.0162575 0.9787151 0.4924074
739.6984925 0.0000257 -0.0229788 0.0062793 -0.0166995 0.9782684 0.4922510
743.7185930 0.0000262 -0.0234907 0.0063382 -0.0171524 0.9778120 0.4920913
747.7386935 0.0000268 -0.0240132 0.0063966 -0.0176166 0.9773458 0.4919282
751.7587940 0.0000273 -0.0245467 0.0064544 -0.0180923 0.9768695 0.4917618
755.7788945 0.0000279 -0.0250912 0.0065115 -0.0185797 0.9763830 0.4915918
759.7989950 0.0000284 -0.0256471 0.0065679 -0.0190792 0.9758859 0.4914183
763.8190955 0.0000290 -0.0262145 0.0066234 -0.0195910 0.9753781 0.4912411
767.8391960 0.0000296 -0.0267936 0.0066781 -0.0201155 0.9748594 0.4910603
771.8592965 0.0000302 -0.0273847 0.0067319 -0.0206528 0.9743295 0.4908756
775.8793970 0.0000308 -0.0279881 0.0067847 -0.0212033 0.9737882 0.4906871
779.8994975 0.0000315 -0.0286039 0.0068365 -0.0217674 0.9732353 0.4904947
783.9195980 0.0000321 -0.0292324 0.0068871 -0.0223453 0.9726704 0.4902982
787.9396985 0.0000327 -0.0298739 0.0069365 -0.0229373 0.9720934 0.4900976
791.9597990 0.0000334 -0.0305285 0.0069847 -0.0235439 0.9715040 0.4898929
795.9798995 0.0000341 -0.0311966 0.0070314 -0.0241652 0.9709020 0.4896839
800.0000000 0.0000348 -0.0318784 0.0070768 -0.0248017 0.9702870 0.4894705
