0.0000000 -0.0008327 0.0045675
5.0251256 -0.0008136 0.0045566
10.0502513 -0.0007944 0.0045454
15.0753769 -0.0007752 0.0045338
20.1005025 -0.0007561 0.0045218
25.1256281 -0.0007370 0.0045095
30.1507538 -0.0007179 0.0044968
35.1758794 -0.0006988 0.0044838
40.2010050 -0.0006798 0.0044705
45.2261307 -0.0006608 0.0044568
50.2512563 -0.0006419 0.0044428
55.2763819 -0.0006231 0.0044284
60.3015075 -0.0006043 0.0044137
65.3266332 -0.0005856 0.0043987
70.3517588 -0.0005670 0.0043834
75.3768844 -0.0005485 0.0043678
80.4020101 -0.0005300 0.0043519
85.4271357 -0.0005117 0.0043357
90.4522613 -0.0004934 0.0043192
95.4773869 -0.0004753 0.0043025
100.5025126 -0.0004573 0.0042854
105.5276382 -0.0004394 0.0042681
110.5527638 -0.0004216 0.0042506
115.5778894 -0.0004040 0.0042328
120.6030151 -0.0003865 0.0042148
125.6281407 -0.0003691 0.0041965
130.6532663 -0.0003519 0.0041780
135.6783920 -0.0003348 0.0041593
140.7035176 -0.0003179 0.0041404
145.7286432 -0.0003012 0.0041213
150.7537688 -0.0002846 0.0041021
155.7788945 -0.0002681 0.0040826
160.8040201 -0.0002518 0.0040630
165.8291457 -0.0002357 0.0040433
170.8542714 -0.0002198 0.0040234
175.8793970 -0.0002040 0.0040033
180.9045226 -0.0001884 0.0039832
185.9296482 -0.0001730 0.0039629
190.9547739 -0.0001578 0.0039425
195.9798995 -0.0001428 0.0039220
201.0050251 -0.0001279 0.0039014
206.0301508 -0.0001132 0.0038808
211.0552764 -0.0000988 0.0038601
216.0804020 -0.0000845 0.0038393
221.1055276 -0.0000704 0.0038185
226.1306533 -0.0000565 0.0037977
231.1557789 -0.0000427 0.0037768
236.1809045 -0.0000292 0.0037559
241.2060302 -0.0000159 0.0037350
246.2311558 -0.0000027 0.0037141
251.2562814 0.0000102 0.0036932
256.2814070 0.0000230 0.0036723
261.3065327 0.0000355 0.0036514
266.3316583 0.0000479 0.0036306
271.3567839 0.0000601 0.0036098
276.3819095 0.0000720 0.0035890
281.4070352 0.0000838 0.0035683
286.4321608 0.0000954 0.0035477
291.4572864 0.0001069 0.0035271
296.4824121 0.0001181 0.0035066
301.5075377 0.0001291 0.0034862
306.5326633 0.0001400 0.0034659
311.5577889 0.0001507 0.0034457
316.5829146 0.0001612 0.0034256
321.6080402 0.0001715 0.0034056
326.6331658 0.0001816 0.0033856
331.6582915 0.0001916 0.0033659
336.6834171 0.0002013 0.0033462
341.7085427 0.0002109 0.0033267
346.7336683 0.0002204 0.0033073
351.7587940 0.0002296 0.0032880
356.7839196 0.0002387 0.0032689
361.8090452 0.0002477 0.0032499
366.8341709 0.0002564 0.0032311
371.8592965 0.0002650 0.0032124
376.8844221 0.0002735 0.0031939
381.9095477 0.0002818 0.0031755
386.9346734 0.0002899 0.0031573
391.9597990 0.0002979 0.0031393
396.9849246 0.0003057 0.0031214
402.0100503 0.0003134 0.0031037
407.0351759 0.0003210 0.0030861
412.0603015 0.0003284 0.0030688
417.0854271 0.0003356 0.0030516
422.1105528 0.0003428 0.0030346
427.1356784 0.0003498 0.0030177
432.1608040 0.0003566 0.0030010
437.1859296 0.0003634 0.0029845
442.2110553 0.0003700 0.0029682
447.2361809 0.0003764 0.0029521
452.2613065 0.0003828 0.0029361
457.2864322 0.0003890 0.0029203
462.3115578 0.0003952 0.0029047
467.3366834 0.0004012 0.0028893
472.3618090 0.0004070 0.0028740
477.3869347 0.0004128 0.0028589
482.4120603 0.0004185 0.0028440
487.4371859 0.0004241 0.0028293
492.4623116 0.0004295 0.0028147
497.4874372 0.0004349 0.0028003
502.5125628 0.0004402 0.0027861
507.5376884 0.0004454 0.0027721
512.5628141 0.0004504 0.0027582
517.5879397 0.0004554 0.0027444
522.6130653 0.0004603 0.0027309
527.6381910 0.0004652 0.0027175
532.6633166 0.0004699 0.0027042
537.6884422 0.0004746 0.0026912
542.7135678 0.0004791 0.0026782
547.7386935 0.0004836 0.0026655
552.7638191 0.0004880 0.0026528
557.7889447 0.0004924 0.0026404
562.8140704 0.0004967 0.0026280
567.8391960 0.0005009 0.0026158
572.8643216 0.0005050 0.0026038
577.8894472 0.0005091 0.0025919
582.9145729 0.0005131 0.0025801
587.9396985 0.0005171 0.0025685
592.9648241 0.0005210 0.0025570
597.9899497 0.0005248 0.0025456
603.0150754 0.0005286 0.0025343
608.0402010 0.0005324 0.0025232
613.0653266 0.0005361 0.0025121
618.0904523 0.0005397 0.0025012
623.1155779 0.0005433 0.0024904
628.1407035 0.0005468 0.0024798
633.1658291 0.0005503 0.0024692
638.1909548 0.0005538 0.0024587
643.2160804 0.0005572 0.0024483
648.2412060 0.0005606 0.0024380
653.2663317 0.0005640 0.0024278
658.2914573 0.0005673 0.0024177
663.3165829 0.0005705 0.0024077
668.3417085 0.0005738 0.0023978
673.3668342 0.0005770 0.0023880
678.3919598 0.0005802 0.0023782
683.4170854 0.0005834 0.0023685
688.4422111 0.0005865 0.0023589
693.4673367 0.0005896 0.0023493
698.4924623 0.0005927 0.0023398
703.5175879 0.0005958 0.0023304
708.5427136 0.0005989 0.0023210
713.5678392 0.0006019 0.0023117
718.5929648 0.0006049 0.0023024
723.6180905 0.0006079 0.0022932
728.6432161 0.0006109 0.0022841
733.6683417 0.0006139 0.0022749
738.6934673 0.0006168 0.0022659
743.7185930 0.0006198 0.0022568
748.7437186 0.0006228 0.0022478
753.7688442 0.0006257 0.0022388
758.7939698 0.0006286 0.0022299
763.8190955 0.0006316 0.0022210
768.8442211 0.0006345 0.0022121
773.8693467 0.0006374 0.0022032
778.8944724 0.0006403 0.0021943
783.9195980 0.0006432 0.0021855
788.9447236 0.0006462 0.0021767
793.9698492 0.0006491 0.0021678
798.9949749 0.0006520 0.0021590
804.0201005 0.0006549 0.0021502
809.0452261 0.0006578 0.0021414
814.0703518 0.0006608 0.0021326
819.0954774 0.0006637 0.0021238
824.1206030 0.0006667 0.0021150
829.1457286 0.0006696 0.0021062
834.1708543 0.0006726 0.0020974
839.1959799 0.0006755 0.0020885
844.2211055 0.0006785 0.0020797
849.2462312 0.0006815 0.0020708
854.2713568 0.0006845 0.0020619
859.2964824 0.0006875 0.0020530
864.3216080 0.0006905 0.0020441
869.3467337 0.0006936 0.0020352
874.3718593 0.0006966 0.0020262
879.3969849 0.0006997 0.0020172
884.4221106 0.0007027 0.0020082
889.4472362 0.0007058 0.0019992
894.4723618 0.0007089 0.0019901
899.4974874 0.0007121 0.0019810
904.5226131 0.0007152 0.0019719
909.5477387 0.0007183 0.0019627
914.5728643 0.0007215 0.0019536
919.5979899 0.0007247 0.0019443
924.6231156 0.0007279 0.0019351
929.6482412 0.0007311 0.0019258
934.6733668 0.0007343 0.0019164
939.6984925 0.0007376 0.0019071
944.7236181 0.0007409 0.0018977
949.7487437 0.0007442 0.0018882
954.7738693 0.0007475 0.0018787
959.7989950 0.0007508 0.0018692
964.8241206 0.0007541 0.0018597
969.8492462 0.0007575 0.0018501
974.8743719 0.0007608 0.0018404
979.8994975 0.0007642 0.0018308
984.9246231 0.0007676 0.0018211
989.9497487 0.0007710 0.0018113
994.9748744 0.0007745 0.0018016
1000.0000000 0.0007779 0.0017917
