0.0000000 -0.0008981 0.0072204 0.0431136 0.0503340 0.0000000 0.0000007
0.0402010 -0.0008812 0.0091844 0.0442941 0.0534785 0.0000000 0.0000007
0.0804020 -0.0008643 0.0110809 0.0454073 0.0564883 0.0000000 0.0000007
0.1206030 -0.0008474 0.0129101 0.0464535 0.0593636 0.0000000 0.0000007
0.1608040 -0.0008306 0.0146722 0.0474329 0.0621051 0.0000000 0.0000007
0.2010050 -0.0008138 0.0163672 0.0483459 0.0647131 0.0000000 0.0000007
0.2412060 -0.0007970 0.0179955 0.0491926 0.0671882 0.0000000 0.0000007
0.2814070 -0.0007803 0.0195573 0.0499735 0.0695309 0.0000000 0.0000007
0.3216080 -0.0007636 0.0210529 0.0506890 0.0717419 0.0000000 0.0000006
0.3618090 -0.0007469 0.0224825 0.0513393 0.0738218 0.0000000 0.0000006
0.4020101 -0.0007303 0.0238465 0.0519250 0.0757715 0.0000000 0.0000006
0.4422111 -0.0007138 0.0251451 0.0524464 0.0775916 0.0000000 0.0000006
0.4824121 -0.0006973 0.0263789 0.0529041 0.0792830 0.0000000 0.0000006
0.5226131 -0.0006808 0.0275481 0.0532984 0.0808465 0.0000000 0.0000006
0.5628141 -0.0006645 0.0286532 0.0536300 0.0822831 0.0000000 0.0000006
0.6030151 -0.0006481 0.0296946 0.0538992 0.0835938 0.0000000 0.0000005
0.6432161 -0.0006319 0.0306727 0.0541068 0.0847795 0.0000000 0.0000005
0.6834171 -0.0006157 0.0315881 0.0542531 0.0858412 0.0000000 0.0000005
0.7236181 -0.0005996 0.0324413 0.0543389 0.0867801 0.0000000 0.0000005
0.7638191 -0.0005835 0.0332327 0.0543646 0.0875973 0.0000000 0.0000005
0.8040201 -0.0005676 0.0339629 0.0543310 0.0882939 0.0000000 0.0000005
0.8442211 -0.0005517 0.0346325 0.0542387 0.0888712 0.0000000 0.0000005
0.8844221 -0.0005359 0.0352420 0.0540883 0.0893303 0.0000000 0.0000004
0.9246231 -0.0005202 0.0357921 0.0538804 0.0896725 0.0000000 0.0000004
0.9648241 -0.0005045 0.0362834 0.0536159 0.0898992 0.0000000 0.0000004
1.0050251 -0.0004890 0.0367164 0.0532953 0.0900117 0.0000000 0.0000004
1.0452261 -0.0004736 0.0370920 0.0529194 0.0900114 0.0000000 0.0000004
1.0854271 -0.0004582 0.0374106 0.0524889 0.0898995 0.0000000 0.0000004
1.1256281 -0.0004429 0.0376730 0.0520046 0.0896777 0.0000000 0.0000004
1.1658291 -0.0004278 0.0378800 0.0514672 0.0893472 0.0000000 0.0000004
1.2060302 -0.0004127 0.0380322 0.0508775 0.0889097 0.0000000 0.0000003
1.2462312 -0.0003977 0.0381303 0.0502362 0.0883665 0.0000000 0.0000003
1.2864322 -0.0003829 0.0381751 0.0495442 0.0877193 0.0000000 0.0000003
1.3266332 -0.0003681 0.0381673 0.0488021 0.0869694 0.0000000 0.0000003
1.3668342 -0.0003535 0.0381077 0.0480109 0.0861187 0.0000000 0.0000003
1.4070352 -0.0003390 0.0379971 0.0471713 0.0851685 0.0000000 0.0000003
1.4472362 -0.0003245 0.0378363 0.0462842 0.0841204 0.0000000 0.0000003
1.4874372 -0.0003102 0.0376260 0.0453503 0.0829762 0.0000000 0.0000003
1.5276382 -0.0002960 0.0373670 0.0443704 0.0817375 0.0000000 0.0000002
1.5678392 -0.0002820 0.0370602 0.0433455 0.0804057 0.0000000 0.0000002
1.6080402 -0.0002680 0.0367064 0.0422763 0.0789827 0.0000000 0.0000002
1.6482412 -0.0002542 0.0363064 0.0411637 0.0774701 0.0000000 0.0000002
1.6884422 -0.0002404 0.0358610 0.0400085 0.0758695 0.0000000 0.0000002
1.7286432 -0.0002268 0.0353711 0.0388115 0.0741826 0.0000000 0.0000002
1.7688442 -0.0002134 0.0348375 0.0375736 0.0724111 0.0000000 0.0000002
1.8090452 -0.0002000 0.0342611 0.0362956 0.0705567 0.0000000 0.0000002
1.8492462 -0.0001868 0.0336426 0.0349784 0.0686210 0.0000000 0.0000002
1.8894472 -0.0001737 0.0329830 0.0336227 0.0666057 0.0000000 0.0000001
1.9296482 -0.0001607 0.0322832 0.0322295 0.0645126 0.0000000 0.0000001
1.9698492 -0.0001478 0.0315438 0.0307994 0.0623433 0.0000000 0.0000001
2.0100503 -0.0001351 0.0307659 0.0293335 0.0600995 0.0000000 0.0000001
2.0502513 -0.0001225 0.0299503 0.0278325 0.0577828 0.0000000 0.0000001
2.0904523 -0.0001101 0.0290978 0.0262971 0.0553950 0.0000000 0.0000001
2.1306533 -0.0000977 0.0282093 0.0247283 0.0529377 0.0000000 0.0000001
2.1708543 -0.0000855 0.0272857 0.0231268 0.0504125 0.0000000 0.0000001
2.2110553 -0.0000734 0.0263277 0.0214935 0.0478212 0.0000000 0.0000001
2.2512563 -0.0000615 0.0253363 0.0198290 0.0451653 0.0000000 0.0000001
2.2914573 -0.0000497 0.0243123 0.0181343 0.0424466 0.0000000 0.0000000
2.3316583 -0.0000380 0.0232565 0.0164100 0.0396665 0.0000000 0.0000000
2.3718593 -0.0000265 0.0221698 0.0146570 0.0368268 0.0000000 0.0000000
2.4120603 -0.0000150 0.0210530 0.0128759 0.0339290 0.0000000 0.0000000
2.4522613 -0.0000038 0.0199070 0.0110676 0.0309746 0.0000000 0.0000000
2.4924623 0.0000074 0.0187325 0.0092329 0.0279654 0.0000000 0.0000000
2.5326633 0.0000184 0.0175305 0.0073723 0.0249028 0.0000000 0.0000000
2.5728643 0.0000293 0.0163016 0.0054867 0.0217883 0.0000000 0.0000000
2.6130653 0.0000401 0.0150467 0.0035767 0.0186234 0.0000000 0.0000000
2.6532663 0.0000507 0.0137667 0.0016431 0.0154098 0.0000000 0.0000000
2.6934673 0.0000612 0.0124622 -0.0003135 0.0121487 0.0000000 0.0000001
2.7336683 0.0000716 0.0111342 -0.0022924 0.0088418 0.0000000 0.0000001
2.7738693 0.0000818 0.0097833 -0.0042929 0.0054904 0.0000000 0.0000001
2.8140704 0.0000919 0.0084103 -0.0063144 0.0020960 0.0000000 0.0000001
2.8542714 0.0001019 0.0070161 -0.0083562 -0.0013401 0.0000000 0.0000001
2.8944724 0.0001118 0.0056013 -0.0104178 -0.0048165 0.0000000 0.0000001
2.9346734 0.0001215 0.0041667 -0.0124985 -0.0083318 0.0000000 0.0000001
2.9748744 0.0001311 0.0027130 -0.0145977 -0.0118846 0.0000000 0.0000001
3.0150754 0.0001406 0.0012410 -0.0167148 -0.0154738 0.0000000 0.0000001
3.0552764 0.0001499 -0.0002486 -0.0188493 -0.0190980 0.0000000 0.0000001
3.0954774 0.0001592 -0.0017552 -0.0210006 -0.0227559 0.0000000 0.0000001
3.1356784 0.0001683 -0.0032780 -0.0231682 -0.0264463 0.0000000 0.0000001
3.1758794 0.0001772 -0.0048164 -0.0253516 -0.0301680 0.0000000 0.0000001
3.2160804 0.0001861 -0.0063696 -0.0275502 -0.0339198 0.0000000 0.0000002
3.2562814 0.0001948 -0.0079370 -0.0297635 -0.0377005 0.0000000 0.0000002
3.2964824 0.0002034 -0.0095180 -0.0319911 -0.0415091 0.0000000 0.0000002
3.3366834 0.0002119 -0.0111119 -0.0342325 -0.0453444 0.0000000 0.0000002
3.3768844 0.0002203 -0.0127181 -0.0364872 -0.0492053 0.0000000 0.0000002
3.4170854 0.0002286 -0.0143360 -0.0387548 -0.0530907 0.0000000 0.0000002
3.4572864 0.0002367 -0.0159649 -0.0410348 -0.0569997 0.0000000 0.0000002
3.4974874 0.0002447 -0.0176043 -0.0433270 -0.0609312 0.0000000 0.0000002
3.5376884 0.0002526 -0.0192535 -0.0456308 -0.0648843 0.0000000 0.0000002
3.5778894 0.0002604 -0.0209120 -0.0479458 -0.0688579 0.0000000 0.0000002
3.6180905 0.0002681 -0.0225793 -0.0502719 -0.0728512 0.0000000 0.0000002
3.6582915 0.0002757 -0.0242547 -0.0526084 -0.0768632 0.0000000 0.0000002
3.6984925 0.0002832 -0.0259378 -0.0549552 -0.0808931 0.0000000 0.0000002
3.7386935 0.0002905 -0.0276280 -0.0573119 -0.0849400 0.0000000 0.0000002
3.7788945 0.0002978 -0.0293248 -0.0596783 -0.0890030 0.0000000 0.0000002
3.8190955 0.0003049 -0.0310276 -0.0620539 -0.0930815 0.0000000 0.0000003
3.8592965 0.0003119 -0.0327360 -0.0644385 -0.0971746 0.0000000 0.0000003
3.8994975 0.0003189 -0.0344496 -0.0668320 -0.1012815 0.0000000 0.0000003
3.9396985 0.0003257 -0.0361677 -0.0692339 -0.1054016 0.0000000 0.0000003
3.9798995 0.0003324 -0.0378900 -0.0716441 -0.1095341 0.0000000 0.0000003
4.0201005 0.0003391 -0.0396160 -0.0740624 -0.1136784 0.0000000 0.0000003
4.0603015 0.0003456 -0.0413452 -0.0764885 -0.1178337 0.0000000 0.0000003
4.1005025 0.0003520 -0.0430773 -0.0789223 -0.1219996 0.0000000 0.0000003
4.1407035 0.0003584 -0.0448117 -0.0813636 -0.1261753 0.0000000 0.0000003
4.1809045 0.0003646 -0.0465482 -0.0838121 -0.1303603 0.0000000 0.0000003
4.2211055 0.0003708 -0.0482862 -0.0862678 -0.1345541 0.0000000 0.0000003
4.2613065 0.0003768 -0.0500255 -0.0887305 -0.1387560 0.0000000 0.0000003
4.3015075 0.0003828 -0.0517655 -0.0912001 -0.1429657 0.0000000 0.0000003
4.3417085 0.0003887 -0.0535061 -0.0936765 -0.1471825 0.0000000 0.0000003
4.3819095 0.0003945 -0.0552467 -0.0961595 -0.1514061 0.0000000 0.0000003
4.4221106 0.0004002 -0.0569870 -0.0986491 -0.1556360 0.0000000 0.0000003
4.4623116 0.0004058 -0.0587267 -0.1011451 -0.1598718 0.0000000 0.0000003
4.5025126 0.0004113 -0.0604655 -0.1036476 -0.1641131 0.0000000 0.0000003
4.5427136 0.0004168 -0.0622030 -0.1061565 -0.1683595 0.0000000 0.0000003
4.5829146 0.0004221 -0.0639390 -0.1086717 -0.1726107 0.0000000 0.0000004
4.6231156 0.0004274 -0.0656731 -0.1111932 -0.1768663 0.0000000 0.0000004
4.6633166 0.0004326 -0.0674050 -0.1137209 -0.1811259 0.0000000 0.0000004
4.7035176 0.0004378 -0.0691344 -0.1162550 -0.1853894 0.0000000 0.0000004
4.7437186 0.0004428 -0.0708612 -0.1187953 -0.1896565 0.0000000 0.0000004
4.7839196 0.0004478 -0.0725849 -0.1213420 -0.1939268 0.0000000 0.0000004
4.8241206 0.0004527 -0.0743053 -0.1238949 -0.1982002 0.0000000 0.0000004
4.8643216 0.0004576 -0.0760222 -0.1264542 -0.2024764 0.0000000 0.0000004
4.9045226 0.0004623 -0.0777353 -0.1290199 -0.2067553 0.0000000 0.0000004
4.9447236 0.0004670 -0.0794445 -0.1315921 -0.2110366 0.0000000 0.0000004
4.9849246 0.0004717 -0.0811494 -0.1341708 -0.2153202 0.0000000 0.0000004
5.0251256 0.0004762 -0.0828498 -0.1367562 -0.2196060 0.0000000 0.0000004
5.0653266 0.0004807 -0.0845456 -0.1393482 -0.2238938 0.0000000 0.0000004
5.1055276 0.0004852 -0.0862365 -0.1419471 -0.2281836 0.0000000 0.0000004
5.1457286 0.0004895 -0.0879223 -0.1445529 -0.2324752 0.0000000 0.0000004
5.1859296 0.0004938 -0.0896028 -0.1471657 -0.2367685 0.0000000 0.0000004
5.2261307 0.0004981 -0.0912779 -0.1497857 -0.2410636 0.0000000 0.0000004
5.2663317 0.0005023 -0.0929473 -0.1524129 -0.2453603 0.0000000 0.0000004
5.3065327 0.0005064 -0.0946110 -0.1550477 -0.2496586 0.0000000 0.0000004
5.3467337 0.0005105 -0.0962686 -0.1576900 -0.2539586 0.0000000 0.0000004
5.3869347 0.0005145 -0.0979201 -0.1603401 -0.2582602 0.0000000 0.0000004
5.4271357 0.0005185 -0.0995653 -0.1629982 -0.2625635 0.0000000 0.0000004
5.4673367 0.0005224 -0.1012040 -0.1656644 -0.2668684 0.0000000 0.0000004
5.5075377 0.0005262 -0.1028361 -0.1683389 -0.2711750 0.0000000 0.0000004
5.5477387 0.0005301 -0.1044616 -0.1710219 -0.2754835 0.0000000 0.0000004
5.5879397 0.0005338 -0.1060801 -0.1737137 -0.2797938 0.0000000 0.0000004
5.6281407 0.0005375 -0.1076917 -0.1764144 -0.2841061 0.0000000 0.0000004
5.6683417 0.0005412 -0.1092961 -0.1791243 -0.2884204 0.0000000 0.0000005
5.7085427 0.0005448 -0.1108934 -0.1818436 -0.2927369 0.0000000 0.0000005
5.7487437 0.0005484 -0.1124833 -0.1845725 -0.2970558 0.0000000 0.0000005
5.7889447 0.0005519 -0.1140657 -0.1873113 -0.3013770 0.0000000 0.0000005
5.8291457 0.0005554 -0.1156406 -0.1900603 -0.3057009 0.0000000 0.0000005
5.8693467 0.0005589 -0.1172079 -0.1928196 -0.3100275 0.0000000 0.0000005
5.9095477 0.0005623 -0.1187674 -0.1955897 -0.3143571 0.0000000 0.0000005
5.9497487 0.0005656 -0.1203191 -0.1983707 -0.3186898 0.0000000 0.0000005
5.9899497 0.0005690 -0.1218630 -0.2011629 -0.3230258 0.0000000 0.0000005
6.0301508 0.0005723 -0.1233988 -0.2039666 -0.3273654 0.0000000 0.0000005
6.0703518 0.0005755 -0.1249266 -0.2067822 -0.3317088 0.0000000 0.0000005
6.1105528 0.0005787 -0.1264462 -0.2096099 -0.3360561 0.0000000 0.0000005
6.1507538 0.0005819 -0.1279577 -0.2124501 -0.3404077 0.0000000 0.0000005
6.1909548 0.0005851 -0.1294609 -0.2153030 -0.3447639 0.0000000 0.0000005
6.2311558 0.0005882 -0.1309558 -0.2181689 -0.3491247 0.0000000 0.0000005
6.2713568 0.0005913 -0.1324423 -0.2210483 -0.3534907 0.0000000 0.0000005
6.3115578 0.0005944 -0.1339205 -0.2239414 -0.3578619 0.0000000 0.0000005
6.3517588 0.0005974 -0.1353901 -0.2268486 -0.3622388 0.0000000 0.0000005
6.3919598 0.0006004 -0.1368513 -0.2297703 -0.3666216 0.0000000 0.0000005
6.4321608 0.0006034 -0.1383039 -0.2327067 -0.3710106 0.0000000 0.0000005
6.4723618 0.0006063 -0.1397480 -0.2356582 -0.3754062 0.0000000 0.0000005
6.5125628 0.0006093 -0.1411835 -0.2386252 -0.3798087 0.0000000 0.0000005
6.5527638 0.0006122 -0.1426103 -0.2416081 -0.3842184 0.0000000 0.0000005
6.5929648 0.0006151 -0.1440284 -0.2446072 -0.3886357 0.0000000 0.0000005
6.6331658 0.0006179 -0.1454379 -0.2476230 -0.3930609 0.0000000 0.0000005
6.6733668 0.0006208 -0.1468387 -0.2506557 -0.3974944 0.0000000 0.0000005
6.7135678 0.0006236 -0.1482308 -0.2537059 -0.4019366 0.0000000 0.0000005
6.7537688 0.0006264 -0.1496141 -0.2567738 -0.4063879 0.0000000 0.0000005
6.7939698 0.0006292 -0.1509888 -0.2598598 -0.4108486 0.0000000 0.0000005
6.8341709 0.0006319 -0.1523546 -0.2629645 -0.4153191 0.0000000 0.0000005
6.8743719 0.0006347 -0.1537118 -0.2660881 -0.4197999 0.0000000 0.0000005
6.9145729 0.0006374 -0.1550602 -0.2692311 -0.4242913 0.0000000 0.0000005
6.9547739 0.0006401 -0.1563999 -0.2723938 -0.4287937 0.0000000 0.0000005
6.9949749 0.0006428 -0.1577309 -0.2755768 -0.4333077 0.0000000 0.0000005
7.0351759 0.0006455 -0.1590532 -0.2787804 -0.4378336 0.0000000 0.0000005
7.0753769 0.0006482 -0.1603667 -0.2820050 -0.4423718 0.0000000 0.0000005
7.1155779 0.0006509 -0.1616717 -0.2852511 -0.4469228 0.0000000 0.0000005
7.1557789 0.0006535 -0.1629679 -0.2885191 -0.4514870 0.0000000 0.0000005
7.1959799 0.0006562 -0.1642555 -0.2918094 -0.4560650 0.0000000 0.0000005
7.2361809 0.0006588 -0.1655346 -0.2951225 -0.4606571 0.0000000 0.0000005
7.2763819 0.0006615 -0.1668050 -0.2984587 -0.4652638 0.0000000 0.0000006
7.3165829 0.0006641 -0.1680670 -0.3018186 -0.4698855 0.0000000 0.0000006
7.3567839 0.0006667 -0.1693204 -0.3052025 -0.4745229 0.0000000 0.0000006
7.3969849 0.0006693 -0.1705654 -0.3086109 -0.4791762 0.0000000 0.0000006
7.4371859 0.0006719 -0.1718019 -0.3120442 -0.4838461 0.0000000 0.0000006
7.4773869 0.0006745 -0.1730301 -0.3155029 -0.4885330 0.0000000 0.0000006
7.5175879 0.0006771 -0.1742500 -0.3189874 -0.4932374 0.0000000 0.0000006
7.5577889 0.0006797 -0.1754617 -0.3224981 -0.4979598 0.0000000 0.0000006
7.5979899 0.0006823 -0.1766651 -0.3260355 -0.5027006 0.0000000 0.0000006
7.6381910 0.0006848 -0.1778604 -0.3296001 -0.5074605 0.0000000 0.0000006
7.6783920 0.0006874 -0.1790476 -0.3331922 -0.5122398 0.0000000 0.0000006
7.7185930 0.0006900 -0.1802268 -0.3368123 -0.5170391 0.0000000 0.0000006
7.7587940 0.0006926 -0.1813981 -0.3404609 -0.5218590 0.0000000 0.0000006
7.7989950 0.0006952 -0.1825615 -0.3441384 -0.5266998 0.0000000 0.0000006
7.8391960 0.0006978 -0.1837171 -0.3478452 -0.5315622 0.0000000 0.0000006
7.8793970 0.0007004 -0.1848650 -0.3515817 -0.5364467 0.0000000 0.0000006
7.9195980 0.0007029 -0.1860053 -0.3553484 -0.5413537 0.0000000 0.0000006
7.9597990 0.0007055 -0.1871380 -0.3591458 -0.5462838 0.0000000 0.0000006
8.0000000 0.0007081 -0.1882634 -0.3629741 -0.5512375 0.0000000 0.0000006
