0.0000000 -0.0008981 0.0072205 0.0431135 0.0503340 0.0000000 0.0004490
0.0402010 -0.0008812 0.0091845 0.0442939 0.0534785 0.0000000 0.0004406
0.0804020 -0.0008643 0.0110811 0.0454072 0.0564882 0.0000000 0.0004321
0.1206030 -0.0008474 0.0129103 0.0464533 0.0593636 0.0000000 0.0004237
0.1608040 -0.0008306 0.0146723 0.0474327 0.0621051 0.0000000 0.0004153
0.2010050 -0.0008138 0.0163674 0.0483457 0.0647130 0.0000000 0.0004069
0.2412060 -0.0007970 0.0179957 0.0491924 0.0671881 0.0000000 0.0003985
0.2814070 -0.0007803 0.0195575 0.0499733 0.0695308 0.0000000 0.0003901
0.3216080 -0.0007636 0.0210530 0.0506887 0.0717418 0.0000000 0.0003818
0.3618090 -0.0007469 0.0224826 0.0513391 0.0738217 0.0000000 0.0003735
0.4020101 -0.0007303 0.0238466 0.0519248 0.0757713 0.0000000 0.0003652
0.4422111 -0.0007138 0.0251452 0.0524462 0.0775914 0.0000000 0.0003569
0.4824121 -0.0006973 0.0263790 0.0529038 0.0792828 0.0000000 0.0003486
0.5226131 -0.0006808 0.0275482 0.0532982 0.0808464 0.0000000 0.0003404
0.5628141 -0.0006645 0.0286533 0.0536297 0.0822830 0.0000000 0.0003322
0.6030151 -0.0006481 0.0296946 0.0538990 0.0835936 0.0000000 0.0003241
0.6432161 -0.0006319 0.0306728 0.0541065 0.0847793 0.0000000 0.0003159
0.6834171 -0.0006157 0.0315882 0.0542528 0.0858410 0.0000000 0.0003079
0.7236181 -0.0005996 0.0324413 0.0543386 0.0867799 0.0000000 0.0002998
0.7638191 -0.0005835 0.0332327 0.0543644 0.0875971 0.0000000 0.0002918
0.8040201 -0.0005676 0.0339629 0.0543308 0.0882937 0.0000000 0.0002838
0.8442211 -0.0005517 0.0346325 0.0542384 0.0888709 0.0000000 0.0002758
0.8844221 -0.0005359 0.0352420 0.0540880 0.0893300 0.0000000 0.0002679
0.9246231 -0.0005202 0.0357921 0.0538802 0.0896723 0.0000000 0.0002601
0.9648241 -0.0005045 0.0362834 0.0536156 0.0898990 0.0000000 0.0002523
1.0050251 -0.0004890 0.0367164 0.0532950 0.0900115 0.0000000 0.0002445
1.0452261 -0.0004735 0.0370920 0.0529191 0.0900111 0.0000000 0.0002368
1.0854271 -0.0004582 0.0374106 0.0524887 0.0898993 0.0000000 0.0002291
1.1256281 -0.0004429 0.0376730 0.0520044 0.0896774 0.0000000 0.0002215
1.1658291 -0.0004278 0.0378800 0.0514670 0.0893469 0.0000000 0.0002139
1.2060302 -0.0004127 0.0380322 0.0508772 0.0889094 0.0000000 0.0002064
1.2462312 -0.0003977 0.0381303 0.0502360 0.0883662 0.0000000 0.0001989
1.2864322 -0.0003829 0.0381751 0.0495439 0.0877190 0.0000000 0.0001914
1.3266332 -0.0003681 0.0381673 0.0488019 0.0869691 0.0000000 0.0001841
1.3668342 -0.0003535 0.0381077 0.0480106 0.0861183 0.0000000 0.0001767
1.4070352 -0.0003390 0.0379971 0.0471711 0.0851681 0.0000000 0.0001695
1.4472362 -0.0003245 0.0378362 0.0462839 0.0841201 0.0000000 0.0001623
1.4874372 -0.0003102 0.0376259 0.0453500 0.0829759 0.0000000 0.0001551
1.5276382 -0.0002960 0.0373670 0.0443702 0.0817372 0.0000000 0.0001480
1.5678392 -0.0002820 0.0370602 0.0433453 0.0804054 0.0000000 0.0001410
1.6080402 -0.0002680 0.0367064 0.0422761 0.0789824 0.0000000 0.0001340
1.6482412 -0.0002542 0.0363064 0.0411635 0.0774698 0.0000000 0.0001271
1.6884422 -0.0002404 0.0358610 0.0400082 0.0758692 0.0000000 0.0001202
1.7286432 -0.0002268 0.0353711 0.0388113 0.0741823 0.0000000 0.0001134
1.7688442 -0.0002134 0.0348375 0.0375734 0.0724108 0.0000000 0.0001067
1.8090452 -0.0002000 0.0342610 0.0362954 0.0705564 0.0000000 0.0001000
1.8492462 -0.0001868 0.0336426 0.0349782 0.0686207 0.0000000 0.0000934
1.8894472 -0.0001737 0.0329830 0.0336225 0.0666055 0.0000000 0.0000868
1.9296482 -0.0001607 0.0322831 0.0322293 0.0645124 0.0000000 0.0000803
1.9698492 -0.0001478 0.0315438 0.0307993 0.0623431 0.0000000 0.0000739
2.0100503 -0.0001351 0.0307659 0.0293334 0.0600992 0.0000000 0.0000676
2.0502513 -0.0001225 0.0299503 0.0278323 0.0577826 0.0000000 0.0000613
2.0904523 -0.0001101 0.0290978 0.0262970 0.0553948 0.0000000 0.0000550
2.1306533 -0.0000977 0.0282093 0.0247282 0.0529375 0.0000000 0.0000489
2.1708543 -0.0000855 0.0272856 0.0231267 0.0504124 0.0000000 0.0000428
2.2110553 -0.0000734 0.0263277 0.0214934 0.0478211 0.0000000 0.0000367
2.2512563 -0.0000615 0.0253363 0.0198289 0.0451652 0.0000000 0.0000308
2.2914573 -0.0000497 0.0243123 0.0181342 0.0424465 0.0000000 0.0000248
2.3316583 -0.0000380 0.0232565 0.0164099 0.0396664 0.0000000 0.0000190
2.3718593 -0.0000265 0.0221698 0.0146569 0.0368267 0.0000000 0.0000132
2.4120603 -0.0000150 0.0210530 0.0128759 0.0339289 0.0000000 0.0000075
2.4522613 -0.0000038 0.0199070 0.0110676 0.0309746 0.0000000 0.0000028
2.4924623 0.0000074 0.0187325 0.0092329 0.0279654 0.0000000 0.0000037
2.5326633 0.0000184 0.0175305 0.0073723 0.0249028 0.0000000 0.0000092
2.5728643 0.0000293 0.0163016 0.0054867 0.0217883 0.0000000 0.0000147
2.6130653 0.0000401 0.0150467 0.0035768 0.0186235 0.0000000 0.0000200
2.6532663 0.0000507 0.0137667 0.0016432 0.0154099 0.0000000 0.0000254
2.6934673 0.0000612 0.0124623 -0.0003134 0.0121489 0.0000000 0.0000306
2.7336683 0.0000716 0.0111342 -0.0022922 0.0088420 0.0000000 0.0000358
2.7738693 0.0000818 0.0097833 -0.0042927 0.0054906 0.0000000 0.0000409
2.8140704 0.0000919 0.0084104 -0.0063142 0.0020962 0.0000000 0.0000460
2.8542714 0.0001019 0.0070162 -0.0083560 -0.0013399 0.0000000 0.0000510
2.8944724 0.0001118 0.0056014 -0.0104176 -0.0048162 0.0000000 0.0000559
2.9346734 0.0001215 0.0041668 -0.0124982 -0.0083314 0.0000000 0.0000608
2.9748744 0.0001311 0.0027131 -0.0145974 -0.0118843 0.0000000 0.0000656
3.0150754 0.0001406 0.0012411 -0.0167146 -0.0154734 0.0000000 0.0000703
3.0552764 0.0001499 -0.0002485 -0.0188490 -0.0190975 0.0000000 0.0000750
3.0954774 0.0001592 -0.0017551 -0.0210004 -0.0227554 0.0000000 0.0000796
3.1356784 0.0001683 -0.0032778 -0.0231679 -0.0264458 0.0000000 0.0000841
3.1758794 0.0001772 -0.0048162 -0.0253513 -0.0301674 0.0000000 0.0000886
3.2160804 0.0001861 -0.0063694 -0.0275498 -0.0339192 0.0000000 0.0000930
3.2562814 0.0001948 -0.0079368 -0.0297631 -0.0376999 0.0000000 0.0000974
3.2964824 0.0002034 -0.0095178 -0.0319907 -0.0415085 0.0000000 0.0001017
3.3366834 0.0002119 -0.0111117 -0.0342320 -0.0453437 0.0000000 0.0001060
3.3768844 0.0002203 -0.0127179 -0.0364867 -0.0492046 0.0000000 0.0001101
3.4170854 0.0002286 -0.0143357 -0.0387543 -0.0530900 0.0000000 0.0001143
3.4572864 0.0002367 -0.0159646 -0.0410343 -0.0569989 0.0000000 0.0001183
3.4974874 0.0002447 -0.0176040 -0.0433264 -0.0609304 0.0000000 0.0001224
3.5376884 0.0002526 -0.0192532 -0.0456302 -0.0648834 0.0000000 0.0001263
3.5778894 0.0002604 -0.0209117 -0.0479453 -0.0688570 0.0000000 0.0001302
3.6180905 0.0002681 -0.0225790 -0.0502712 -0.0728502 0.0000000 0.0001341
3.6582915 0.0002757 -0.0242544 -0.0526078 -0.0768622 0.0000000 0.0001378
3.6984925 0.0002832 -0.0259374 -0.0549546 -0.0808920 0.0000000 0.0001416
3.7386935 0.0002905 -0.0276276 -0.0573113 -0.0849389 0.0000000 0.0001453
3.7788945 0.0002978 -0.0293243 -0.0596776 -0.0890019 0.0000000 0.0001489
3.8190955 0.0003049 -0.0310272 -0.0620532 -0.0930803 0.0000000 0.0001524
3.8592965 0.0003119 -0.0327356 -0.0644378 -0.0971734 0.0000000 0.0001560
3.8994975 0.0003189 -0.0344491 -0.0668312 -0.1012803 0.0000000 0.0001594
3.9396985 0.0003257 -0.0361672 -0.0692331 -0.1054003 0.0000000 0.0001629
3.9798995 0.0003324 -0.0378895 -0.0716433 -0.1095328 0.0000000 0.0001662
4.0201005 0.0003391 -0.0396154 -0.0740615 -0.1136770 0.0000000 0.0001695
4.0603015 0.0003456 -0.0413446 -0.0764876 -0.1178323 0.0000000 0.0001728
4.1005025 0.0003520 -0.0430767 -0.0789214 -0.1219981 0.0000000 0.0001760
4.1407035 0.0003584 -0.0448111 -0.0813626 -0.1261738 0.0000000 0.0001792
4.1809045 0.0003646 -0.0465476 -0.0838111 -0.1303587 0.0000000 0.0001823
4.2211055 0.0003708 -0.0482856 -0.0862668 -0.1345524 0.0000000 0.0001854
4.2613065 0.0003768 -0.0500248 -0.0887295 -0.1387543 0.0000000 0.0001884
4.3015075 0.0003828 -0.0517649 -0.0911991 -0.1429639 0.0000000 0.0001914
4.3417085 0.0003887 -0.0535053 -0.0936754 -0.1471807 0.0000000 0.0001943
4.3819095 0.0003945 -0.0552459 -0.0961584 -0.1514043 0.0000000 0.0001972
4.4221106 0.0004002 -0.0569862 -0.0986479 -0.1556342 0.0000000 0.0002001
4.4623116 0.0004058 -0.0587259 -0.1011440 -0.1598699 0.0000000 0.0002029
4.5025126 0.0004113 -0.0604647 -0.1036464 -0.1641111 0.0000000 0.0002057
4.5427136 0.0004168 -0.0622022 -0.1061553 -0.1683575 0.0000000 0.0002084
4.5829146 0.0004221 -0.0639382 -0.1086704 -0.1726086 0.0000000 0.0002111
4.6231156 0.0004274 -0.0656722 -0.1111919 -0.1768641 0.0000000 0.0002137
4.6633166 0.0004326 -0.0674041 -0.1137196 -0.1811238 0.0000000 0.0002163
4.7035176 0.0004378 -0.0691335 -0.1162537 -0.1853872 0.0000000 0.0002189
4.7437186 0.0004428 -0.0708602 -0.1187940 -0.1896542 0.0000000 0.0002214
4.7839196 0.0004478 -0.0725839 -0.1213406 -0.1939245 0.0000000 0.0002239
4.8241206 0.0004527 -0.0743043 -0.1238935 -0.1981978 0.0000000 0.0002264
4.8643216 0.0004576 -0.0760212 -0.1264528 -0.2024740 0.0000000 0.0002288
4.9045226 0.0004623 -0.0777343 -0.1290185 -0.2067528 0.0000000 0.0002312
4.9447236 0.0004670 -0.0794434 -0.1315906 -0.2110341 0.0000000 0.0002335
4.9849246 0.0004717 -0.0811483 -0.1341693 -0.2153176 0.0000000 0.0002358
5.0251256 0.0004762 -0.0828487 -0.1367547 -0.2196034 0.0000000 0.0002381
5.0653266 0.0004807 -0.0845445 -0.1393467 -0.2238912 0.0000000 0.0002404
5.1055276 0.0004851 -0.0862353 -0.1419455 -0.2281809 0.0000000 0.0002426
5.1457286 0.0004895 -0.0879211 -0.1445513 -0.2324724 0.0000000 0.0002448
5.1859296 0.0004938 -0.0896016 -0.1471641 -0.2367657 0.0000000 0.0002469
5.2261307 0.0004981 -0.0912767 -0.1497840 -0.2410607 0.0000000 0.0002490
5.2663317 0.0005023 -0.0929461 -0.1524113 -0.2453573 0.0000000 0.0002511
5.3065327 0.0005064 -0.0946097 -0.1550460 -0.2496556 0.0000000 0.0002532
5.3467337 0.0005105 -0.0962673 -0.1576883 -0.2539556 0.0000000 0.0002552
5.3869347 0.0005145 -0.0979187 -0.1603384 -0.2582571 0.0000000 0.0002572
5.4271357 0.0005185 -0.0995639 -0.1629964 -0.2625603 0.0000000 0.0002592
5.4673367 0.0005224 -0.1012026 -0.1656626 -0.2668652 0.0000000 0.0002612
5.5075377 0.0005262 -0.1028347 -0.1683371 -0.2711718 0.0000000 0.0002631
5.5477387 0.0005300 -0.1044601 -0.1710201 -0.2754802 0.0000000 0.0002650
5.5879397 0.0005338 -0.1060787 -0.1737118 -0.2797905 0.0000000 0.0002669
5.6281407 0.0005375 -0.1076902 -0.1764125 -0.2841027 0.0000000 0.0002688
5.6683417 0.0005412 -0.1092946 -0.1791224 -0.2884170 0.0000000 0.0002706
5.7085427 0.0005448 -0.1108918 -0.1818416 -0.2927335 0.0000000 0.0002724
5.7487437 0.0005484 -0.1124817 -0.1845705 -0.2970522 0.0000000 0.0002742
5.7889447 0.0005519 -0.1140641 -0.1873093 -0.3013734 0.0000000 0.0002760
5.8291457 0.0005554 -0.1156390 -0.1900582 -0.3056973 0.0000000 0.0002777
5.8693467 0.0005588 -0.1172063 -0.1928176 -0.3100238 0.0000000 0.0002794
5.9095477 0.0005623 -0.1187658 -0.1955876 -0.3143534 0.0000000 0.0002811
5.9497487 0.0005656 -0.1203175 -0.1983686 -0.3186860 0.0000000 0.0002828
5.9899497 0.0005690 -0.1218612 -0.2011608 -0.3230220 0.0000000 0.0002845
6.0301508 0.0005723 -0.1233970 -0.2039645 -0.3273616 0.0000000 0.0002861
6.0703518 0.0005755 -0.1249248 -0.2067801 -0.3317049 0.0000000 0.0002878
6.1105528 0.0005787 -0.1264444 -0.2096078 -0.3360522 0.0000000 0.0002894
6.1507538 0.0005819 -0.1279559 -0.2124479 -0.3404038 0.0000000 0.0002910
6.1909548 0.0005851 -0.1294591 -0.2153008 -0.3447598 0.0000000 0.0002925
6.2311558 0.0005882 -0.1309539 -0.2181667 -0.3491207 0.0000000 0.0002941
6.2713568 0.0005913 -0.1324405 -0.2210461 -0.3534865 0.0000000 0.0002956
6.3115578 0.0005944 -0.1339186 -0.2239392 -0.3578577 0.0000000 0.0002972
6.3517588 0.0005974 -0.1353882 -0.2268463 -0.3622346 0.0000000 0.0002987
6.3919598 0.0006004 -0.1368494 -0.2297680 -0.3666173 0.0000000 0.0003002
6.4321608 0.0006034 -0.1383020 -0.2327043 -0.3710063 0.0000000 0.0003017
6.4723618 0.0006063 -0.1397460 -0.2356559 -0.3754018 0.0000000 0.0003032
6.5125628 0.0006093 -0.1411814 -0.2386229 -0.3798043 0.0000000 0.0003046
6.5527638 0.0006122 -0.1426082 -0.2416057 -0.3842140 0.0000000 0.0003061
6.5929648 0.0006151 -0.1440263 -0.2446049 -0.3886312 0.0000000 0.0003075
6.6331658 0.0006179 -0.1454358 -0.2476206 -0.3930564 0.0000000 0.0003090
6.6733668 0.0006208 -0.1468366 -0.2506533 -0.3974899 0.0000000 0.0003104
6.7135678 0.0006236 -0.1482286 -0.2537034 -0.4019320 0.0000000 0.0003118
6.7537688 0.0006264 -0.1496119 -0.2567713 -0.4063833 0.0000000 0.0003132
6.7939698 0.0006292 -0.1509865 -0.2598574 -0.4108439 0.0000000 0.0003146
6.8341709 0.0006319 -0.1523524 -0.2629620 -0.4153144 0.0000000 0.0003160
6.8743719 0.0006347 -0.1537095 -0.2660856 -0.4197951 0.0000000 0.0003173
6.9145729 0.0006374 -0.1550579 -0.2692285 -0.4242865 0.0000000 0.0003187
6.9547739 0.0006401 -0.1563976 -0.2723913 -0.4287889 0.0000000 0.0003201
6.9949749 0.0006428 -0.1577286 -0.2755743 -0.4333028 0.0000000 0.0003214
7.0351759 0.0006455 -0.1590508 -0.2787778 -0.4378287 0.0000000 0.0003228
7.0753769 0.0006482 -0.1603644 -0.2820025 -0.4423668 0.0000000 0.0003241
7.1155779 0.0006509 -0.1616692 -0.2852486 -0.4469178 0.0000000 0.0003254
7.1557789 0.0006535 -0.1629655 -0.2885165 -0.4514820 0.0000000 0.0003268
7.1959799 0.0006562 -0.1642531 -0.2918068 -0.4560599 0.0000000 0.0003281
7.2361809 0.0006588 -0.1655321 -0.2951199 -0.4606520 0.0000000 0.0003294
7.2763819 0.0006614 -0.1668025 -0.2984561 -0.4652586 0.0000000 0.0003307
7.3165829 0.0006641 -0.1680644 -0.3018159 -0.4698804 0.0000000 0.0003320
7.3567839 0.0006667 -0.1693178 -0.3051998 -0.4745177 0.0000000 0.0003333
7.3969849 0.0006693 -0.1705628 -0.3086082 -0.4791710 0.0000000 0.0003346
7.4371859 0.0006719 -0.1717993 -0.3120415 -0.4838409 0.0000000 0.0003359
7.4773869 0.0006745 -0.1730275 -0.3155002 -0.4885277 0.0000000 0.0003372
7.5175879 0.0006771 -0.1742474 -0.3189847 -0.4932321 0.0000000 0.0003385
7.5577889 0.0006797 -0.1754590 -0.3224954 -0.4979544 0.0000000 0.0003398
7.5979899 0.0006823 -0.1766624 -0.3260328 -0.5026952 0.0000000 0.0003411
7.6381910 0.0006848 -0.1778577 -0.3295974 -0.5074550 0.0000000 0.0003424
7.6783920 0.0006874 -0.1790449 -0.3331895 -0.5122343 0.0000000 0.0003437
7.7185930 0.0006900 -0.1802240 -0.3368096 -0.5170336 0.0000000 0.0003450
7.7587940 0.0006926 -0.1813953 -0.3404582 -0.5218535 0.0000000 0.0003463
7.7989950 0.0006952 -0.1825587 -0.3441356 -0.5266943 0.0000000 0.0003476
7.8391960 0.0006978 -0.1837143 -0.3478424 -0.5315567 0.0000000 0.0003489
7.8793970 0.0007003 -0.1848621 -0.3515789 -0.5364411 0.0000000 0.0003502
7.9195980 0.0007029 -0.1860024 -0.3553457 -0.5413481 0.0000000 0.0003515
7.9597990 0.0007055 -0.1871352 -0.3591430 -0.5462781 0.0000000 0.0003528
8.0000000 0.0007081 -0.1882605 -0.3629714 -0.5512318 0.0000000 0.0003541
