0.0000000 -0.0830687 0.0083607 0.0404958 0.0488565 0.1093943 0.0830687
0.0301508 -0.0819162 0.0097272 0.0413274 0.0510546 0.1067851 0.0819162
0.0603015 -0.0807638 0.0110593 0.0421241 0.0531834 0.1041723 0.0807638
0.0904523 -0.0796115 0.0123569 0.0428862 0.0552430 0.1015559 0.0796115
0.1206030 -0.0784596 0.0136200 0.0436135 0.0572335 0.0989365 0.0784596
0.1507538 -0.0773082 0.0148488 0.0443062 0.0591550 0.0963141 0.0773082
0.1809045 -0.0761574 0.0160432 0.0449644 0.0610076 0.0936891 0.0761574
0.2110553 -0.0750075 0.0172032 0.0455881 0.0627913 0.0910619 0.0750075
0.2412060 -0.0738584 0.0183290 0.0461775 0.0645064 0.0884326 0.0738584
0.2713568 -0.0727105 0.0194205 0.0467326 0.0661531 0.0858016 0.0727105
0.3015075 -0.0715637 0.0204778 0.0472536 0.0677314 0.0831691 0.0715637
0.3316583 -0.0704183 0.0215010 0.0477406 0.0692416 0.0805355 0.0704183
0.3618090 -0.0692745 0.0224902 0.0481938 0.0706839 0.0779010 0.0692745
0.3919598 -0.0681323 0.0234454 0.0486132 0.0720586 0.0752660 0.0681323
0.4221106 -0.0669919 0.0243668 0.0489990 0.0733658 0.0726305 0.0669919
0.4522613 -0.0658534 0.0252544 0.0493514 0.0746058 0.0699951 0.0658534
0.4824121 -0.0647170 0.0261084 0.0496705 0.0757789 0.0673598 0.0647170
0.5125628 -0.0635828 0.0269288 0.0499566 0.0768854 0.0647251 0.0635828
0.5427136 -0.0624509 0.0277159 0.0502097 0.0779256 0.0620911 0.0624509
0.5728643 -0.0613216 0.0284697 0.0504301 0.0788998 0.0594582 0.0613216
0.6030151 -0.0601948 0.0291904 0.0506180 0.0798084 0.0568265 0.0601948
0.6331658 -0.0590709 0.0298782 0.0507735 0.0806517 0.0541965 0.0590709
0.6633166 -0.0579498 0.0305332 0.0508969 0.0814301 0.0515682 0.0579498
0.6934673 -0.0568317 0.0311555 0.0509884 0.0821439 0.0489420 0.0568317
0.7236181 -0.0557168 0.0317454 0.0510482 0.0827936 0.0463181 0.0557168
0.7537688 -0.0546051 0.0323030 0.0510766 0.0833796 0.0436967 0.0546051
0.7839196 -0.0534969 0.0328285 0.0510737 0.0839022 0.0410782 0.0534969
0.8140704 -0.0523921 0.0333221 0.0510399 0.0843620 0.0384628 0.0523921
0.8442211 -0.0512911 0.0337841 0.0509752 0.0847593 0.0358506 0.0512911
0.8743719 -0.0501938 0.0342145 0.0508802 0.0850947 0.0332419 0.0501938
0.9045226 -0.0491003 0.0346137 0.0507548 0.0853686 0.0306370 0.0491003
0.9346734 -0.0480109 0.0349819 0.0505995 0.0855814 0.0280361 0.0480109
0.9648241 -0.0469256 0.0353193 0.0504145 0.0857338 0.0254394 0.0469256
0.9949749 -0.0458446 0.0356261 0.0502001 0.0858262 0.0228471 0.0458446
1.0251256 -0.0447678 0.0359025 0.0499565 0.0858590 0.0202595 0.0447678
1.0552764 -0.0436956 0.0361489 0.0496841 0.0858330 0.0176766 0.0436956
1.0854271 -0.0426279 0.0363655 0.0493830 0.0857485 0.0150989 0.0426279
1.1155779 -0.0415649 0.0365525 0.0490537 0.0856061 0.0125264 0.0415649
1.1457286 -0.0405066 0.0367101 0.0486964 0.0854065 0.0099593 0.0405066
1.1758794 -0.0394532 0.0368388 0.0483114 0.0851501 0.0073979 0.0394532
1.2060302 -0.0384048 0.0369387 0.0478989 0.0848376 0.0048423 0.0384048
1.2361809 -0.0373614 0.0370101 0.0474594 0.0844695 0.0022927 0.0373614
1.2663317 -0.0363232 0.0370533 0.0469932 0.0840464 0.0000000 0.0363232
1.2964824 -0.0352902 0.0370686 0.0465004 0.0835690 0.0000000 0.0352902
1.3266332 -0.0342626 0.0370563 0.0459815 0.0830378 0.0000000 0.0342626
1.3567839 -0.0332404 0.0370166 0.0454368 0.0824534 0.0000000 0.0332404
1.3869347 -0.0322238 0.0369500 0.0448666 0.0818166 0.0000000 0.0322238
1.4170854 -0.0312127 0.0368566 0.0442712 0.0811278 0.0000000 0.0312127
1.4472362 -0.0302073 0.0367369 0.0436509 0.0803877 0.0000000 0.0302073
1.4773869 -0.0292076 0.0365910 0.0430061 0.0795971 0.0000000 0.0292076
1.5075377 -0.0282137 0.0364194 0.0423371 0.0787564 0.0000000 0.0282137
1.5376884 -0.0272258 0.0362223 0.0416442 0.0778665 0.0000000 0.0272258
1.5678392 -0.0262438 0.0360001 0.0409277 0.0769278 0.0000000 0.0262438
1.5979899 -0.0252679 0.0357531 0.0401881 0.0759411 0.0000000 0.0252679
1.6281407 -0.0242980 0.0354816 0.0394255 0.0749071 0.0000000 0.0242980
1.6582915 -0.0233343 0.0351860 0.0386404 0.0738264 0.0000000 0.0233343
1.6884422 -0.0223769 0.0348665 0.0378331 0.0726996 0.0000000 0.0223769
1.7185930 -0.0214257 0.0345235 0.0370040 0.0715275 0.0000000 0.0214257
1.7487437 -0.0204808 0.0341575 0.0361533 0.0703107 0.0000000 0.0204808
1.7788945 -0.0195424 0.0337686 0.0352813 0.0690499 0.0000000 0.0195424
1.8090452 -0.0186103 0.0333572 0.0343885 0.0677457 0.0000000 0.0186103
1.8391960 -0.0176848 0.0329237 0.0334752 0.0663989 0.0000000 0.0176848
1.8693467 -0.0167658 0.0324684 0.0325417 0.0650101 0.0000000 0.0167658
1.8994975 -0.0158533 0.0319917 0.0315883 0.0635799 0.0000000 0.0158533
1.9296482 -0.0149475 0.0314938 0.0306153 0.0621092 0.0000000 0.0149475
1.9597990 -0.0140483 0.0309752 0.0296232 0.0605984 0.0000000 0.0140483
1.9899497 -0.0131559 0.0304362 0.0286121 0.0590484 0.0000000 0.0131559
2.0201005 -0.0122701 0.0298772 0.0275826 0.0574598 0.0000000 0.0122701
2.0502513 -0.0113911 0.0292984 0.0265348 0.0558332 0.0000000 0.0113911
2.0804020 -0.0105189 0.0287002 0.0254691 0.0541693 0.0000000 0.0105189
2.1105528 -0.0096534 0.0280830 0.0243858 0.0524689 0.0000000 0.0096534
2.1407035 -0.0087949 0.0274472 0.0232853 0.0507325 0.0000000 0.0087949
2.1708543 -0.0079431 0.0267930 0.0221678 0.0489608 0.0000000 0.0079431
2.2010050 -0.0070983 0.0261208 0.0210338 0.0471546 0.0000000 0.0070983
2.2311558 -0.0062603 0.0254309 0.0198834 0.0453144 0.0000000 0.0062603
2.2613065 -0.0054293 0.0247238 0.0187171 0.0434409 0.0000000 0.0054293
2.2914573 -0.0046051 0.0239997 0.0175350 0.0415347 0.0000000 0.0046051
2.3216080 -0.0037879 0.0232590 0.0163377 0.0395966 0.0000000 0.0037879
2.3517588 -0.0029777 0.0225019 0.0151252 0.0376271 0.0000000 0.0029777
2.3819095 -0.0021743 0.0217290 0.0138980 0.0356270 0.0000000 0.0021743
2.4120603 -0.0013780 0.0209405 0.0126563 0.0335968 0.0000000 0.0013780
2.4422111 -0.0005886 0.0201366 0.0114005 0.0315371 0.0000000 0.0005886
2.4723618 0.0001938 0.0193179 0.0101307 0.0294486 0.0000000 0.0002508
2.5025126 0.0009693 0.0184846 0.0088474 0.0273320 0.0000000 0.0009693
2.5326633 0.0017379 0.0176370 0.0075508 0.0251878 0.0000000 0.0017379
2.5628141 0.0024994 0.0167754 0.0062412 0.0230166 0.0000000 0.0024994
2.5929648 0.0032541 0.0159003 0.0049188 0.0208191 0.0000000 0.0032541
2.6231156 0.0040018 0.0150118 0.0035840 0.0185958 0.0000000 0.0040018
2.6532663 0.0047425 0.0141104 0.0022369 0.0163474 0.0000000 0.0047425
2.6834171 0.0054764 0.0131964 0.0008780 0.0140744 0.0000000 0.0054764
2.7135678 0.0062033 0.0122701 -0.0004926 0.0117774 0.0000000 0.0062033
2.7437186 0.0069234 0.0113317 -0.0018747 0.0094570 0.0000000 0.0069234
2.7738693 0.0076366 0.0103817 -0.0032678 0.0071138 0.0000000 0.0076366
2.8040201 0.0083430 0.0094202 -0.0046719 0.0047483 0.0000000 0.0083430
2.8341709 0.0090425 0.0084478 -0.0060866 0.0023611 0.0000000 0.0090425
2.8643216 0.0097352 0.0074645 -0.0075118 -0.0000473 0.0000000 0.0097352
2.8944724 0.0104211 0.0064708 -0.0089471 -0.0024763 0.0000000 0.0104211
2.9246231 0.0111003 0.0054669 -0.0103923 -0.0049254 0.0000000 0.0111003
2.9547739 0.0117727 0.0044531 -0.0118472 -0.0073941 0.0000000 0.0117727
2.9849246 0.0124384 0.0034298 -0.0133116 -0.0098818 0.0000000 0.0124384
3.0150754 0.0130974 0.0023972 -0.0147853 -0.0123881 0.0000000 0.0130974
3.0452261 0.0137498 0.0013556 -0.0162680 -0.0149124 0.0000000 0.0137498
3.0753769 0.0143955 0.0003053 -0.0177595 -0.0174542 0.0000000 0.0143955
3.1055276 0.0150347 -0.0007534 -0.0192596 -0.0200130 0.0000000 0.0150347
3.1356784 0.0156673 -0.0018203 -0.0207681 -0.0225884 0.0000000 0.0156673
3.1658291 0.0162933 -0.0028951 -0.0222849 -0.0251799 0.0000000 0.0162933
3.1959799 0.0169129 -0.0039774 -0.0238096 -0.0277871 0.0000000 0.0169129
3.2261307 0.0175260 -0.0050671 -0.0253422 -0.0304093 0.0000000 0.0175260
3.2562814 0.0181327 -0.0061639 -0.0268824 -0.0330463 0.0000000 0.0181327
3.2864322 0.0187331 -0.0072675 -0.0284301 -0.0356975 0.0000000 0.0187331
3.3165829 0.0193270 -0.0083776 -0.0299850 -0.0383626 0.0000000 0.0193270
3.3467337 0.0199147 -0.0094940 -0.0315470 -0.0410410 0.0000000 0.0199147
3.3768844 0.0204962 -0.0106164 -0.0331160 -0.0437324 0.0000000 0.0204962
3.4070352 0.0210714 -0.0117446 -0.0346917 -0.0464364 0.0000000 0.0210714
3.4371859 0.0216404 -0.0128784 -0.0362741 -0.0491525 0.0000000 0.0216404
3.4673367 0.0222034 -0.0140175 -0.0378629 -0.0518804 0.0000000 0.0222034
3.4974874 0.0227602 -0.0151617 -0.0394580 -0.0546197 0.0000000 0.0227602
3.5276382 0.0233110 -0.0163107 -0.0410593 -0.0573699 0.0000000 0.0233110
3.5577889 0.0238558 -0.0174643 -0.0426666 -0.0601308 0.0000000 0.0238558
3.5879397 0.0243946 -0.0186222 -0.0442797 -0.0629019 0.0000000 0.0243946
3.6180905 0.0249276 -0.0197843 -0.0458986 -0.0656830 0.0000000 0.0249276
3.6482412 0.0254547 -0.0209504 -0.0475231 -0.0684735 0.0000000 0.0254547
3.6783920 0.0259760 -0.0221202 -0.0491531 -0.0712733 0.0000000 0.0259760
3.7085427 0.0264915 -0.0232934 -0.0507885 -0.0740819 0.0000000 0.0264915
3.7386935 0.0270013 -0.0244700 -0.0524292 -0.0768991 0.0000000 0.0270013
3.7688442 0.0275055 -0.0256496 -0.0540749 -0.0797245 0.0000000 0.0275055
3.7989950 0.0280040 -0.0268321 -0.0557258 -0.0825579 0.0000000 0.0280040
3.8291457 0.0284970 -0.0280173 -0.0573815 -0.0853988 0.0000000 0.0284970
3.8592965 0.0289845 -0.0292050 -0.0590421 -0.0882471 0.0000000 0.0289845
3.8894472 0.0294666 -0.0303950 -0.0607074 -0.0911024 0.0000000 0.0294666
3.9195980 0.0299432 -0.0315870 -0.0623774 -0.0939644 0.0000000 0.0299432
3.9497487 0.0304145 -0.0327810 -0.0640520 -0.0968330 0.0000000 0.0304145
3.9798995 0.0308804 -0.0339767 -0.0657310 -0.0997077 0.0000000 0.0308804
4.0100503 0.0313412 -0.0351740 -0.0674144 -0.1025884 0.0000000 0.0313412
4.0402010 0.0317967 -0.0363726 -0.0691022 -0.1054748 0.0000000 0.0317967
4.0703518 0.0322471 -0.0375724 -0.0707942 -0.1083667 0.0000000 0.0322471
4.1005025 0.0326924 -0.0387733 -0.0724905 -0.1112638 0.0000000 0.0326924
4.1306533 0.0331327 -0.0399750 -0.0741908 -0.1141659 0.0000000 0.0331327
4.1608040 0.0335680 -0.0411775 -0.0758953 -0.1170727 0.0000000 0.0335680
4.1909548 0.0339983 -0.0423804 -0.0776038 -0.1199842 0.0000000 0.0339983
4.2211055 0.0344238 -0.0435838 -0.0793162 -0.1229000 0.0000000 0.0344238
4.2512563 0.0348445 -0.0447874 -0.0810326 -0.1258199 0.0000000 0.0348445
4.2814070 0.0352604 -0.0459910 -0.0827528 -0.1287438 0.0000000 0.0352604
4.3115578 0.0356716 -0.0471946 -0.0844769 -0.1316715 0.0000000 0.0356716
4.3417085 0.0360781 -0.0483979 -0.0862048 -0.1346028 0.0000000 0.0360781
4.3718593 0.0364800 -0.0496009 -0.0879365 -0.1375374 0.0000000 0.0364800
4.4020101 0.0368774 -0.0508035 -0.0896719 -0.1404754 0.0000000 0.0368774
4.4321608 0.0372702 -0.0520053 -0.0914111 -0.1434164 0.0000000 0.0372702
4.4623116 0.0376587 -0.0532064 -0.0931540 -0.1463604 0.0000000 0.0376587
4.4924623 0.0380427 -0.0544066 -0.0949005 -0.1493071 0.0000000 0.0380427
4.5226131 0.0384224 -0.0556058 -0.0966507 -0.1522565 0.0000000 0.0384224
4.5527638 0.0387978 -0.0568038 -0.0984046 -0.1552084 0.0000000 0.0387978
4.5829146 0.0391690 -0.0580005 -0.1001622 -0.1581627 0.0000000 0.0391690
4.6130653 0.0395361 -0.0591959 -0.1019234 -0.1611192 0.0000000 0.0395361
4.6432161 0.0398990 -0.0603897 -0.1036882 -0.1640779 0.0000000 0.0398990
4.6733668 0.0402578 -0.0615819 -0.1054567 -0.1670386 0.0000000 0.0402578
4.7035176 0.0406127 -0.0627724 -0.1072289 -0.1700013 0.0000000 0.0406127
4.7336683 0.0409635 -0.0639610 -0.1090047 -0.1729657 0.0000000 0.0409635
4.7638191 0.0413105 -0.0651476 -0.1107843 -0.1759319 0.0000000 0.0413105
4.7939698 0.0416536 -0.0663322 -0.1125675 -0.1788997 0.0000000 0.0416536
4.8241206 0.0419929 -0.0675146 -0.1143544 -0.1818690 0.0000000 0.0419929
4.8542714 0.0423285 -0.0686948 -0.1161451 -0.1848399 0.0000000 0.0423285
4.8844221 0.0426603 -0.0698726 -0.1179395 -0.1878121 0.0000000 0.0426603
4.9145729 0.0429886 -0.0710479 -0.1197378 -0.1907857 0.0000000 0.0429886
4.9447236 0.0433132 -0.0722207 -0.1215398 -0.1937606 0.0000000 0.0433132
4.9748744 0.0436343 -0.0733909 -0.1233458 -0.1967366 0.0000000 0.0436343
5.0050251 0.0439519 -0.0745583 -0.1251556 -0.1997139 0.0000000 0.0439519
5.0351759 0.0442661 -0.0757229 -0.1269693 -0.2026922 0.0000000 0.0442661
5.0653266 0.0445768 -0.0768846 -0.1287870 -0.2056716 0.0000000 0.0445768
5.0954774 0.0448843 -0.0780433 -0.1306087 -0.2086521 0.0000000 0.0448843
5.1256281 0.0451885 -0.0791990 -0.1324346 -0.2116336 0.0000000 0.0451885
5.1557789 0.0454894 -0.0803516 -0.1342645 -0.2146160 0.0000000 0.0454894
5.1859296 0.0457871 -0.0815009 -0.1360986 -0.2175994 0.0000000 0.0457871
5.2160804 0.0460818 -0.0826469 -0.1379369 -0.2205838 0.0000000 0.0460818
5.2462312 0.0463733 -0.0837896 -0.1397795 -0.2235690 0.0000000 0.0463733
5.2763819 0.0466618 -0.0849288 -0.1416264 -0.2265552 0.0000000 0.0466618
5.3065327 0.0469473 -0.0860646 -0.1434778 -0.2295423 0.0000000 0.0469473
5.3366834 0.0472299 -0.0871967 -0.1453336 -0.2325303 0.0000000 0.0472299
5.3668342 0.0475096 -0.0883253 -0.1471940 -0.2355193 0.0000000 0.0475096
5.3969849 0.0477864 -0.0894502 -0.1490589 -0.2385091 0.0000000 0.0477864
5.4271357 0.0480605 -0.0905713 -0.1509286 -0.2414999 0.0000000 0.0480605
5.4572864 0.0483318 -0.0916886 -0.1528030 -0.2444916 0.0000000 0.0483318
5.4874372 0.0486004 -0.0928020 -0.1546823 -0.2474843 0.0000000 0.0486004
5.5175879 0.0488663 -0.0939115 -0.1565665 -0.2504780 0.0000000 0.0488663
5.5477387 0.0491297 -0.0950171 -0.1584556 -0.2534727 0.0000000 0.0491297
5.5778894 0.0493905 -0.0961186 -0.1603499 -0.2564685 0.0000000 0.0493905
5.6080402 0.0496488 -0.0972160 -0.1622493 -0.2594653 0.0000000 0.0496488
5.6381910 0.0499046 -0.0983093 -0.1641540 -0.2624633 0.0000000 0.0499046
5.6683417 0.0501580 -0.0993984 -0.1660641 -0.2654625 0.0000000 0.0501580
5.6984925 0.0504090 -0.1004833 -0.1679795 -0.2684628 0.0000000 0.0504090
5.7286432 0.0506577 -0.1015639 -0.1699006 -0.2714645 0.0000000 0.0506577
5.7587940 0.0509041 -0.1026402 -0.1718272 -0.2744675 0.0000000 0.0509041
5.7889447 0.0511483 -0.1037122 -0.1737596 -0.2774718 0.0000000 0.0511483
5.8190955 0.0513902 -0.1047798 -0.1756978 -0.2804776 0.0000000 0.0513902
5.8492462 0.0516300 -0.1058429 -0.1776420 -0.2834849 0.0000000 0.0516300
5.8793970 0.0518677 -0.1069016 -0.1795922 -0.2864938 0.0000000 0.0518677
5.9095477 0.0521034 -0.1079557 -0.1815486 -0.2895043 0.0000000 0.0521034
5.9396985 0.0523370 -0.1090053 -0.1835112 -0.2925165 0.0000000 0.0523370
5.9698492 0.0525686 -0.1100504 -0.1854802 -0.2955305 0.0000000 0.0525686
6.0000000 0.0527983 -0.1110908 -0.1874556 -0.2985464 0.0000000 0.0527983
