0.0000000 -0.0008311 0.0080988 0.0407275 0.0488263 0.1109661 0.0831126
4.0201005 -0.0008158 0.0099148 0.0418280 0.0517428 0.1075024 0.0815756
8.0402010 -0.0008004 0.0116696 0.0428666 0.0545363 0.1040315 0.0800388
12.0603015 -0.0007850 0.0133632 0.0438435 0.0572068 0.1005541 0.0785026
16.0804020 -0.0007697 0.0149956 0.0447589 0.0597545 0.0970708 0.0769672
20.1005025 -0.0007543 0.0165669 0.0456130 0.0621799 0.0935824 0.0754331
24.1206030 -0.0007390 0.0180771 0.0464059 0.0644830 0.0900895 0.0739005
28.1407035 -0.0007237 0.0195264 0.0471380 0.0666644 0.0865928 0.0723698
32.1608040 -0.0007084 0.0209150 0.0478094 0.0687244 0.0830931 0.0708414
36.1809045 -0.0006932 0.0222430 0.0484206 0.0706636 0.0795909 0.0693156
40.2010050 -0.0006779 0.0235106 0.0489718 0.0724824 0.0760869 0.0677927
44.2211055 -0.0006627 0.0247180 0.0494634 0.0741814 0.0725818 0.0662730
48.2412060 -0.0006476 0.0258656 0.0498958 0.0757614 0.0690763 0.0647570
52.2613065 -0.0006324 0.0269535 0.0502693 0.0772228 0.0655711 0.0632449
56.2814070 -0.0006174 0.0279822 0.0505844 0.0785666 0.0620666 0.0617370
60.3015075 -0.0006023 0.0289519 0.0508416 0.0797934 0.0585636 0.0602337
64.3216080 -0.0005874 0.0298630 0.0510412 0.0809042 0.0550628 0.0587353
68.3417085 -0.0005724 0.0307158 0.0511839 0.0818997 0.0515647 0.0572421
72.3618090 -0.0005575 0.0315108 0.0512701 0.0827809 0.0480699 0.0557544
76.3819095 -0.0005427 0.0322484 0.0513003 0.0835488 0.0445790 0.0542725
80.4020101 -0.0005280 0.0329291 0.0512752 0.0842043 0.0410927 0.0527968
84.4221106 -0.0005133 0.0335533 0.0511953 0.0847485 0.0376115 0.0513274
88.4422111 -0.0004986 0.0341215 0.0510611 0.0851826 0.0341359 0.0498648
92.4623116 -0.0004841 0.0346343 0.0508733 0.0855076 0.0306666 0.0484091
96.4824121 -0.0004696 0.0350921 0.0506326 0.0857246 0.0272040 0.0469606
100.5025126 -0.0004552 0.0354955 0.0503395 0.0858350 0.0237487 0.0455197
104.5226131 -0.0004409 0.0358452 0.0499947 0.0858399 0.0203013 0.0440866
108.5427136 -0.0004266 0.0361416 0.0495990 0.0857406 0.0168621 0.0426615
112.5628141 -0.0004124 0.0363855 0.0491529 0.0855384 0.0134317 0.0412447
116.5829146 -0.0003984 0.0365774 0.0486572 0.0852347 0.0100107 0.0398364
120.6030151 -0.0003844 0.0367180 0.0481127 0.0848307 0.0065993 0.0384369
124.6231156 -0.0003705 0.0368079 0.0475199 0.0843279 0.0031982 0.0370464
128.6432161 -0.0003567 0.0368479 0.0468797 0.0837276 0.0000000 0.0356652
132.6633166 -0.0003429 0.0368386 0.0461929 0.0830314 0.0000000 0.0342933
136.6834171 -0.0003293 0.0367807 0.0454601 0.0822407 0.0000000 0.0329311
140.7035176 -0.0003158 0.0366749 0.0446821 0.0813569 0.0000000 0.0315787
144.7236181 -0.0003024 0.0365219 0.0438597 0.0803816 0.0000000 0.0302364
148.7437186 -0.0002890 0.0363226 0.0429936 0.0793163 0.0000000 0.0289043
152.7638191 -0.0002758 0.0360776 0.0420848 0.0781624 0.0000000 0.0275826
156.7839196 -0.0002627 0.0357878 0.0411338 0.0769216 0.0000000 0.0262714
160.8040201 -0.0002497 0.0354538 0.0401415 0.0755953 0.0000000 0.0249710
164.8241206 -0.0002368 0.0350764 0.0391088 0.0741852 0.0000000 0.0236814
168.8442211 -0.0002240 0.0346566 0.0380363 0.0726929 0.0000000 0.0224029
172.8643216 -0.0002114 0.0341949 0.0369250 0.0711199 0.0000000 0.0211355
176.8844221 -0.0001988 0.0336922 0.0357755 0.0694678 0.0000000 0.0198795
180.9045226 -0.0001863 0.0331494 0.0345887 0.0677382 0.0000000 0.0186348
184.9246231 -0.0001740 0.0325673 0.0333654 0.0659327 0.0000000 0.0174017
188.9447236 -0.0001618 0.0319465 0.0321063 0.0640529 0.0000000 0.0161802
192.9648241 -0.0001497 0.0312881 0.0308123 0.0621004 0.0000000 0.0149704
196.9849246 -0.0001377 0.0305927 0.0294842 0.0600769 0.0000000 0.0137724
201.0050251 -0.0001259 0.0298612 0.0281226 0.0579838 0.0000000 0.0125864
205.0251256 -0.0001141 0.0290944 0.0267284 0.0558229 0.0000000 0.0114124
209.0452261 -0.0001025 0.0282932 0.0253025 0.0535957 0.0000000 0.0102504
213.0653266 -0.0000910 0.0274583 0.0238454 0.0513037 0.0000000 0.0091005
217.0854271 -0.0000796 0.0265906 0.0223581 0.0489487 0.0000000 0.0079628
221.1055276 -0.0000684 0.0256909 0.0208411 0.0465321 0.0000000 0.0068373
225.1256281 -0.0000572 0.0247600 0.0192954 0.0440555 0.0000000 0.0057241
229.1457286 -0.0000462 0.0237987 0.0177217 0.0415204 0.0000000 0.0046232
233.1658291 -0.0000353 0.0228079 0.0161206 0.0389284 0.0000000 0.0035346
237.1859296 -0.0000246 0.0217883 0.0144928 0.0362811 0.0000000 0.0024584
241.2060302 -0.0000139 0.0207407 0.0128392 0.0335799 0.0000000 0.0013946
245.2261307 -0.0000034 0.0196660 0.0111604 0.0308264 0.0000000 0.0003434
249.2462312 0.0000070 0.0185649 0.0094570 0.0280220 0.0000000 0.0006967
253.2663317 0.0000172 0.0174382 0.0077299 0.0251681 0.0000000 0.0017231
257.2864322 0.0000274 0.0162868 0.0059796 0.0222664 0.0000000 0.0027375
261.3065327 0.0000374 0.0151113 0.0042068 0.0193181 0.0000000 0.0037395
265.3266332 0.0000473 0.0139126 0.0024121 0.0163247 0.0000000 0.0047293
269.3467337 0.0000571 0.0126913 0.0005962 0.0132875 0.0000000 0.0057067
273.3668342 0.0000667 0.0114484 -0.0012402 0.0102081 0.0000000 0.0066719
277.3869347 0.0000762 0.0101844 -0.0030967 0.0070877 0.0000000 0.0076249
281.4070352 0.0000857 0.0089002 -0.0049725 0.0039277 0.0000000 0.0085657
285.4271357 0.0000949 0.0075964 -0.0068671 0.0007293 0.0000000 0.0094943
289.4472362 0.0001041 0.0062739 -0.0087800 -0.0025061 0.0000000 0.0104109
293.4673367 0.0001132 0.0049333 -0.0107105 -0.0057772 0.0000000 0.0113155
297.4874372 0.0001221 0.0035753 -0.0126581 -0.0090829 0.0000000 0.0122080
301.5075377 0.0001309 0.0022005 -0.0146223 -0.0124218 0.0000000 0.0130887
305.5276382 0.0001396 0.0008098 -0.0166026 -0.0157928 0.0000000 0.0139576
309.5477387 0.0001481 -0.0005962 -0.0185985 -0.0191947 0.0000000 0.0148147
313.5678392 0.0001566 -0.0020170 -0.0206094 -0.0226264 0.0000000 0.0156601
317.5879397 0.0001649 -0.0034517 -0.0226349 -0.0260867 0.0000000 0.0164939
321.6080402 0.0001732 -0.0048999 -0.0246746 -0.0295745 0.0000000 0.0173162
325.6281407 0.0001813 -0.0063607 -0.0267279 -0.0330887 0.0000000 0.0181270
329.6482412 0.0001893 -0.0078337 -0.0287946 -0.0366283 0.0000000 0.0189265
333.6683417 0.0001971 -0.0093183 -0.0308740 -0.0401922 0.0000000 0.0197148
337.6884422 0.0002049 -0.0108137 -0.0329659 -0.0437795 0.0000000 0.0204919
341.7085427 0.0002126 -0.0123194 -0.0350698 -0.0473892 0.0000000 0.0212580
345.7286432 0.0002201 -0.0138349 -0.0371853 -0.0510202 0.0000000 0.0220131
349.7487437 0.0002276 -0.0153596 -0.0393122 -0.0546718 0.0000000 0.0227574
353.7688442 0.0002349 -0.0168929 -0.0414500 -0.0583429 0.0000000 0.0234909
357.7889447 0.0002421 -0.0184342 -0.0435984 -0.0620326 0.0000000 0.0242138
361.8090452 0.0002493 -0.0199831 -0.0457572 -0.0657403 0.0000000 0.0249262
365.8291457 0.0002563 -0.0215390 -0.0479259 -0.0694649 0.0000000 0.0256281
369.8492462 0.0002632 -0.0231014 -0.0501043 -0.0732057 0.0000000 0.0263198
373.8693467 0.0002700 -0.0246698 -0.0522921 -0.0769619 0.0000000 0.0270013
377.8894472 0.0002767 -0.0262437 -0.0544890 -0.0807328 0.0000000 0.0276727
381.9095477 0.0002833 -0.0278226 -0.0566949 -0.0845175 0.0000000 0.0283342
385.9296482 0.0002899 -0.0294061 -0.0589094 -0.0883156 0.0000000 0.0289859
389.9497487 0.0002963 -0.0309937 -0.0611324 -0.0921261 0.0000000 0.0296279
393.9698492 0.0003026 -0.0325849 -0.0633635 -0.0959485 0.0000000 0.0302603
397.9899497 0.0003088 -0.0341794 -0.0656027 -0.0997821 0.0000000 0.0308832
402.0100503 0.0003150 -0.0357766 -0.0678498 -0.1036264 0.0000000 0.0314968
406.0301508 0.0003210 -0.0373762 -0.0701044 -0.1074807 0.0000000 0.0321012
410.0502513 0.0003270 -0.0389778 -0.0723666 -0.1113444 0.0000000 0.0326965
414.0703518 0.0003328 -0.0405809 -0.0746362 -0.1152171 0.0000000 0.0332829
418.0904523 0.0003386 -0.0421852 -0.0769129 -0.1190981 0.0000000 0.0338604
422.1105528 0.0003443 -0.0437903 -0.0791968 -0.1229871 0.0000000 0.0344292
426.1306533 0.0003499 -0.0453958 -0.0814876 -0.1268834 0.0000000 0.0349895
430.1507538 0.0003554 -0.0470014 -0.0837854 -0.1307867 0.0000000 0.0355413
434.1708543 0.0003608 -0.0486067 -0.0860899 -0.1346966 0.0000000 0.0360848
438.1909548 0.0003662 -0.0502114 -0.0884011 -0.1386125 0.0000000 0.0366201
442.2110553 0.0003715 -0.0518152 -0.0907190 -0.1425342 0.0000000 0.0371474
446.2311558 0.0003767 -0.0534177 -0.0930435 -0.1464612 0.0000000 0.0376667
450.2512563 0.0003818 -0.0550187 -0.0953745 -0.1503932 0.0000000 0.0381782
454.2713568 0.0003868 -0.0566178 -0.0977121 -0.1543298 0.0000000 0.0386821
458.2914573 0.0003918 -0.0582147 -0.1000562 -0.1582708 0.0000000 0.0391784
462.3115578 0.0003967 -0.0598091 -0.1024067 -0.1622159 0.0000000 0.0396673
466.3316583 0.0004015 -0.0614008 -0.1047638 -0.1661647 0.0000000 0.0401489
470.3517588 0.0004062 -0.0629896 -0.1071274 -0.1701170 0.0000000 0.0406233
474.3718593 0.0004109 -0.0645750 -0.1094975 -0.1740726 0.0000000 0.0410907
478.3919598 0.0004155 -0.0661570 -0.1118742 -0.1780312 0.0000000 0.0415512
482.4120603 0.0004200 -0.0677352 -0.1142575 -0.1819927 0.0000000 0.0420049
486.4321608 0.0004245 -0.0693094 -0.1166474 -0.1859568 0.0000000 0.0424519
490.4522613 0.0004289 -0.0708794 -0.1190440 -0.1899234 0.0000000 0.0428924
494.4723618 0.0004333 -0.0724450 -0.1214474 -0.1938924 0.0000000 0.0433264
498.4924623 0.0004375 -0.0740059 -0.1238577 -0.1978636 0.0000000 0.0437542
502.5125628 0.0004418 -0.0755619 -0.1262749 -0.2018368 0.0000000 0.0441758
506.5326633 0.0004459 -0.0771129 -0.1286992 -0.2058121 0.0000000 0.0445914
510.5527638 0.0004500 -0.0786585 -0.1311306 -0.2097892 0.0000000 0.0450010
514.5728643 0.0004540 -0.0801988 -0.1335693 -0.2137681 0.0000000 0.0454049
518.5929648 0.0004580 -0.0817334 -0.1360154 -0.2177488 0.0000000 0.0458030
522.6130653 0.0004620 -0.0832622 -0.1384690 -0.2217312 0.0000000 0.0461956
526.6331658 0.0004658 -0.0847850 -0.1409302 -0.2257152 0.0000000 0.0465827
530.6532663 0.0004696 -0.0863017 -0.1433993 -0.2297010 0.0000000 0.0469645
534.6733668 0.0004734 -0.0878121 -0.1458763 -0.2336884 0.0000000 0.0473410
538.6934673 0.0004771 -0.0893160 -0.1483614 -0.2376774 0.0000000 0.0477125
542.7135678 0.0004808 -0.0908134 -0.1508548 -0.2416682 0.0000000 0.0480790
546.7336683 0.0004844 -0.0923040 -0.1533567 -0.2456607 0.0000000 0.0484406
550.7537688 0.0004880 -0.0937877 -0.1558673 -0.2496550 0.0000000 0.0487974
554.7738693 0.0004915 -0.0952645 -0.1583867 -0.2536511 0.0000000 0.0491495
558.7939698 0.0004950 -0.0967341 -0.1609151 -0.2576492 0.0000000 0.0494972
562.8140704 0.0004984 -0.0981965 -0.1634528 -0.2616493 0.0000000 0.0498403
566.8341709 0.0005018 -0.0996515 -0.1660000 -0.2656515 0.0000000 0.0501792
570.8542714 0.0005051 -0.1010990 -0.1685568 -0.2696558 0.0000000 0.0505138
574.8743719 0.0005084 -0.1025390 -0.1711236 -0.2736626 0.0000000 0.0508443
578.8944724 0.0005117 -0.1039713 -0.1737005 -0.2776718 0.0000000 0.0511709
582.9145729 0.0005149 -0.1053958 -0.1762878 -0.2816836 0.0000000 0.0514935
586.9346734 0.0005181 -0.1068125 -0.1788857 -0.2856982 0.0000000 0.0518122
590.9547739 0.0005213 -0.1082212 -0.1814945 -0.2897157 0.0000000 0.0521273
594.9748744 0.0005244 -0.1096219 -0.1841144 -0.2937363 0.0000000 0.0524388
598.9949749 0.0005275 -0.1110145 -0.1867457 -0.2977603 0.0000000 0.0527468
603.0150754 0.0005305 -0.1123989 -0.1893887 -0.3017877 0.0000000 0.0530514
607.0351759 0.0005335 -0.1137751 -0.1920437 -0.3058187 0.0000000 0.0533527
611.0552764 0.0005365 -0.1151429 -0.1947108 -0.3098537 0.0000000 0.0536508
615.0753769 0.0005395 -0.1165024 -0.1973905 -0.3138928 0.0000000 0.0539457
619.0954774 0.0005424 -0.1178534 -0.2000829 -0.3179363 0.0000000 0.0542377
623.1155779 0.0005453 -0.1191959 -0.2027884 -0.3219843 0.0000000 0.0545267
627.1356784 0.0005481 -0.1205298 -0.2055073 -0.3260371 0.0000000 0.0548129
631.1557789 0.0005510 -0.1218552 -0.2082399 -0.3300951 0.0000000 0.0550963
635.1758794 0.0005538 -0.1231719 -0.2109865 -0.3341584 0.0000000 0.0553771
639.1959799 0.0005566 -0.1244799 -0.2137474 -0.3382273 0.0000000 0.0556554
643.2160804 0.0005593 -0.1257792 -0.2165229 -0.3423021 0.0000000 0.0559311
647.2361809 0.0005620 -0.1270698 -0.2193133 -0.3463831 0.0000000 0.0562045
651.2562814 0.0005648 -0.1283516 -0.2221190 -0.3504706 0.0000000 0.0564756
655.2763819 0.0005674 -0.1296245 -0.2249403 -0.3545648 0.0000000 0.0567445
659.2964824 0.0005701 -0.1308887 -0.2277775 -0.3586662 0.0000000 0.0570112
663.3165829 0.0005728 -0.1321439 -0.2306310 -0.3627749 0.0000000 0.0572759
667.3366834 0.0005754 -0.1333903 -0.2335010 -0.3668913 0.0000000 0.0575387
671.3567839 0.0005780 -0.1346278 -0.2363880 -0.3710158 0.0000000 0.0577995
675.3768844 0.0005806 -0.1358564 -0.2392922 -0.3751487 0.0000000 0.0580586
679.3969849 0.0005832 -0.1370761 -0.2422141 -0.3792902 0.0000000 0.0583159
683.4170854 0.0005857 -0.1382869 -0.2451539 -0.3834409 0.0000000 0.0585716
687.4371859 0.0005883 -0.1394888 -0.2481121 -0.3876009 0.0000000 0.0588257
691.4572864 0.0005908 -0.1406817 -0.2510889 -0.3917707 0.0000000 0.0590783
695.4773869 0.0005933 -0.1418658 -0.2540848 -0.3959506 0.0000000 0.0593295
699.4974874 0.0005958 -0.1430409 -0.2571000 -0.4001409 0.0000000 0.0595794
703.5175879 0.0005983 -0.1442072 -0.2601349 -0.4043421 0.0000000 0.0598280
707.5376884 0.0006008 -0.1453646 -0.2631900 -0.4085546 0.0000000 0.0600754
711.5577889 0.0006032 -0.1465131 -0.2662655 -0.4127786 0.0000000 0.0603217
715.5778894 0.0006057 -0.1476528 -0.2693618 -0.4170146 0.0000000 0.0605669
719.5979899 0.0006081 -0.1487837 -0.2724793 -0.4212630 0.0000000 0.0608112
723.6180905 0.0006105 -0.1499058 -0.2756183 -0.4255241 0.0000000 0.0610545
727.6381910 0.0006130 -0.1510191 -0.2787792 -0.4297984 0.0000000 0.0612970
731.6582915 0.0006154 -0.1521238 -0.2819624 -0.4340862 0.0000000 0.0615387
735.6783920 0.0006178 -0.1532197 -0.2851682 -0.4383879 0.0000000 0.0617796
739.6984925 0.0006202 -0.1543070 -0.2883970 -0.4427040 0.0000000 0.0620200
743.7185930 0.0006226 -0.1553856 -0.2916491 -0.4470348 0.0000000 0.0622597
747.7386935 0.0006250 -0.1564558 -0.2949250 -0.4513807 0.0000000 0.0624989
751.7587940 0.0006274 -0.1575174 -0.2982248 -0.4557422 0.0000000 0.0627376
755.7788945 0.0006298 -0.1585705 -0.3015491 -0.4601196 0.0000000 0.0629759
759.7989950 0.0006321 -0.1596153 -0.3048982 -0.4645134 0.0000000 0.0632139
763.8190955 0.0006345 -0.1606517 -0.3082723 -0.4689240 0.0000000 0.0634515
767.8391960 0.0006369 -0.1616798 -0.3116720 -0.4733518 0.0000000 0.0636890
771.8592965 0.0006393 -0.1626997 -0.3150974 -0.4777972 0.0000000 0.0639262
775.8793970 0.0006416 -0.1637115 -0.3185490 -0.4822605 0.0000000 0.0641633
779.8994975 0.0006440 -0.1647152 -0.3220271 -0.4867423 0.0000000 0.0644004
783.9195980 0.0006464 -0.1657109 -0.3255320 -0.4912430 0.0000000 0.0646374
787.9396985 0.0006487 -0.1666987 -0.3290641 -0.4957629 0.0000000 0.0648745
791.9597990 0.0006511 -0.1676787 -0.3326237 -0.5003024 0.0000000 0.0651116
795.9798995 0.0006535 -0.1686509 -0.3362111 -0.5048620 0.0000000 0.0653489
800.0000000 0.0006559 -0.1696155 -0.3398266 -0.5094421 0.0000000 0.0655863
