0.0000000 -0.0005124 0.0609194 -0.0322248 0.0286946 0.7176340 0.3728463
4.0201005 -0.0005018 0.0609855 -0.0305777 0.0304077 0.7194257 0.3737655
8.0402010 -0.0004913 0.0610095 -0.0289685 0.0320410 0.7211588 0.3746589
12.0603015 -0.0004809 0.0609925 -0.0273969 0.0335956 0.7228332 0.3755266
16.0804020 -0.0004705 0.0609353 -0.0258626 0.0350726 0.7244487 0.3763684
20.1005025 -0.0004603 0.0608388 -0.0243655 0.0364733 0.7260053 0.3771844
24.1206030 -0.0004502 0.0607039 -0.0229053 0.0377986 0.7275030 0.3779744
28.1407035 -0.0004401 0.0605315 -0.0214817 0.0390498 0.7289416 0.3787385
32.1608040 -0.0004301 0.0603223 -0.0200944 0.0402279 0.7303212 0.3794766
36.1809045 -0.0004203 0.0600774 -0.0187433 0.0413342 0.7316415 0.3801887
40.2010050 -0.0004105 0.0597975 -0.0174280 0.0423695 0.7329026 0.3808747
44.2211055 -0.0004008 0.0594834 -0.0161483 0.0433351 0.7341043 0.3815346
48.2412060 -0.0003912 0.0591360 -0.0149040 0.0442320 0.7352466 0.3821684
52.2613065 -0.0003817 0.0587560 -0.0136947 0.0450613 0.7363293 0.3827760
56.2814070 -0.0003723 0.0583443 -0.0125203 0.0458240 0.7373524 0.3833574
60.3015075 -0.0003630 0.0579015 -0.0113804 0.0465211 0.7383157 0.3839125
64.3216080 -0.0003538 0.0574284 -0.0102748 0.0471536 0.7392191 0.3844413
68.3417085 -0.0003446 0.0569258 -0.0092033 0.0477225 0.7400626 0.3849439
72.3618090 -0.0003356 0.0563944 -0.0081655 0.0482289 0.7408459 0.3854201
76.3819095 -0.0003266 0.0558349 -0.0071613 0.0486736 0.7415690 0.3858699
80.4020101 -0.0003177 0.0552480 -0.0061904 0.0490576 0.7422317 0.3862932
84.4221106 -0.0003089 0.0546343 -0.0052525 0.0493818 0.7428339 0.3866902
88.4422111 -0.0003002 0.0539945 -0.0043474 0.0496471 0.7433755 0.3870606
92.4623116 -0.0002915 0.0533293 -0.0034748 0.0498545 0.7438562 0.3874045
96.4824121 -0.0002830 0.0526393 -0.0026346 0.0500047 0.7442759 0.3877219
100.5025126 -0.0002745 0.0519250 -0.0018264 0.0500986 0.7446345 0.3880126
104.5226131 -0.0002661 0.0511872 -0.0010501 0.0501371 0.7449319 0.3882768
108.5427136 -0.0002577 0.0504263 -0.0003054 0.0501209 0.7451677 0.3885142
112.5628141 -0.0002495 0.0496430 0.0004078 0.0500509 0.7453418 0.3887250
116.5829146 -0.0002413 0.0488378 0.0010899 0.0499277 0.7454542 0.3889090
120.6030151 -0.0002332 0.0480112 0.0017410 0.0497522 0.7455044 0.3890663
124.6231156 -0.0002252 0.0471637 0.0023613 0.0495251 0.7454925 0.3891967
128.6432161 -0.0002172 0.0462960 0.0029511 0.0492470 0.7454181 0.3893003
132.6633166 -0.0002093 0.0454083 0.0035104 0.0489187 0.7452811 0.3893771
136.6834171 -0.0002015 0.0445013 0.0040396 0.0485408 0.7450813 0.3894269
140.7035176 -0.0001938 0.0435753 0.0045387 0.0481140 0.7448184 0.3894498
144.7236181 -0.0001861 0.0426309 0.0050079 0.0476388 0.7444922 0.3894457
148.7437186 -0.0001785 0.0416685 0.0054474 0.0471159 0.7441025 0.3894147
152.7638191 -0.0001710 0.0406884 0.0058574 0.0465458 0.7436492 0.3893566
156.7839196 -0.0001635 0.0396911 0.0062380 0.0459292 0.7431320 0.3892714
160.8040201 -0.0001561 0.0386771 0.0065893 0.0452664 0.7425506 0.3891591
164.8241206 -0.0001487 0.0376465 0.0069116 0.0445581 0.7419049 0.3890198
168.8442211 -0.0001414 0.0365999 0.0072048 0.0438047 0.7411946 0.3888533
172.8643216 -0.0001342 0.0355376 0.0074691 0.0430067 0.7404195 0.3886597
176.8844221 -0.0001270 0.0344598 0.0077047 0.0421645 0.7395794 0.3884389
180.9045226 -0.0001199 0.0333670 0.0079117 0.0412787 0.7386741 0.3881909
184.9246231 -0.0001128 0.0322595 0.0080900 0.0403495 0.7377034 0.3879158
188.9447236 -0.0001058 0.0311375 0.0082399 0.0393774 0.7366671 0.3876134
192.9648241 -0.0000989 0.0300013 0.0083614 0.0383627 0.7355649 0.3872839
196.9849246 -0.0000919 0.0288513 0.0084546 0.0373059 0.7343968 0.3869272
201.0050251 -0.0000851 0.0276877 0.0085195 0.0362071 0.7331624 0.3865433
205.0251256 -0.0000783 0.0265107 0.0085562 0.0350669 0.7318617 0.3861322
209.0452261 -0.0000715 0.0253205 0.0085648 0.0338853 0.7304944 0.3856941
213.0653266 -0.0000648 0.0241175 0.0085452 0.0326628 0.7290604 0.3852288
217.0854271 -0.0000582 0.0229019 0.0084976 0.0313995 0.7275596 0.3847364
221.1055276 -0.0000516 0.0216738 0.0084220 0.0300957 0.7259918 0.3842170
225.1256281 -0.0000450 0.0204334 0.0083183 0.0287517 0.7243569 0.3836706
229.1457286 -0.0000385 0.0191810 0.0081866 0.0273677 0.7226548 0.3830972
233.1658291 -0.0000320 0.0179168 0.0080270 0.0259438 0.7208854 0.3824970
237.1859296 -0.0000255 0.0166408 0.0078394 0.0244802 0.7190487 0.3818700
241.2060302 -0.0000191 0.0153533 0.0076237 0.0229771 0.7171445 0.3812163
245.2261307 -0.0000128 0.0140545 0.0073801 0.0214346 0.7151729 0.3805360
249.2462312 -0.0000064 0.0127445 0.0071085 0.0198529 0.7131338 0.3798292
253.2663317 -0.0000002 0.0114233 0.0068088 0.0182321 0.7110273 0.3790959
257.2864322 0.0000061 0.0100913 0.0064810 0.0165723 0.7088534 0.3783364
261.3065327 0.0000123 0.0087484 0.0061252 0.0148736 0.7066121 0.3775508
265.3266332 0.0000185 0.0073948 0.0057413 0.0131361 0.7043035 0.3767393
269.3467337 0.0000247 0.0060306 0.0053292 0.0113598 0.7019279 0.3759019
273.3668342 0.0000308 0.0046560 0.0048889 0.0095449 0.6994852 0.3750389
277.3869347 0.0000369 0.0032710 0.0044204 0.0076914 0.6969757 0.3741504
281.4070352 0.0000429 0.0018757 0.0039236 0.0057993 0.6943996 0.3732367
285.4271357 0.0000490 0.0004702 0.0033984 0.0038687 0.6917571 0.3722981
289.4472362 0.0000550 -0.0009454 0.0028449 0.0018995 0.6890485 0.3713346
293.4673367 0.0000609 -0.0023710 0.0022629 -0.0001081 0.6862742 0.3703467
297.4874372 0.0000669 -0.0038066 0.0016524 -0.0021541 0.6834344 0.3693346
301.5075377 0.0000728 -0.0052520 0.0010134 -0.0042386 0.6805296 0.3682985
305.5276382 0.0000787 -0.0067073 0.0003458 -0.0063615 0.6775603 0.3672387
309.5477387 0.0000846 -0.0081724 -0.0003505 -0.0085229 0.6745268 0.3661557
313.5678392 0.0000904 -0.0096472 -0.0010755 -0.0107226 0.6714297 0.3650497
317.5879397 0.0000963 -0.0111316 -0.0018292 -0.0129608 0.6682695 0.3639211
321.6080402 0.0001021 -0.0126256 -0.0026118 -0.0152374 0.6650470 0.3627703
325.6281407 0.0001079 -0.0141292 -0.0034232 -0.0175524 0.6617627 0.3615977
329.6482412 0.0001136 -0.0156424 -0.0042635 -0.0199059 0.6584172 0.3604037
333.6683417 0.0001194 -0.0171650 -0.0051328 -0.0222978 0.6550115 0.3591887
337.6884422 0.0001251 -0.0186970 -0.0060311 -0.0247281 0.6515463 0.3579532
341.7085427 0.0001308 -0.0202384 -0.0069584 -0.0271968 0.6480224 0.3566977
345.7286432 0.0001365 -0.0217892 -0.0079147 -0.0297039 0.6444407 0.3554227
349.7487437 0.0001421 -0.0233493 -0.0089001 -0.0322495 0.6408022 0.3541287
353.7688442 0.0001478 -0.0249187 -0.0099146 -0.0348334 0.6371079 0.3528162
357.7889447 0.0001534 -0.0264974 -0.0109583 -0.0374557 0.6333588 0.3514859
361.8090452 0.0001590 -0.0280853 -0.0120310 -0.0401163 0.6295561 0.3501382
365.8291457 0.0001646 -0.0296824 -0.0131329 -0.0428152 0.6257009 0.3487738
369.8492462 0.0001702 -0.0312886 -0.0142639 -0.0455524 0.6217944 0.3473933
373.8693467 0.0001758 -0.0329039 -0.0154239 -0.0483279 0.6178379 0.3459973
377.8894472 0.0001813 -0.0345284 -0.0166131 -0.0511414 0.6138327 0.3445865
381.9095477 0.0001868 -0.0361619 -0.0178312 -0.0539931 0.6097802 0.3431616
385.9296482 0.0001923 -0.0378044 -0.0190784 -0.0568827 0.6056817 0.3417232
389.9497487 0.0001978 -0.0394558 -0.0203545 -0.0598103 0.6015388 0.3402721
393.9698492 0.0002033 -0.0411162 -0.0216594 -0.0627756 0.5973529 0.3388090
397.9899497 0.0002088 -0.0427855 -0.0229932 -0.0657787 0.5931257 0.3373347
402.0100503 0.0002142 -0.0444636 -0.0243557 -0.0688193 0.5888586 0.3358498
406.0301508 0.0002197 -0.0461506 -0.0257468 -0.0718973 0.5845535 0.3343552
410.0502513 0.0002251 -0.0478462 -0.0271664 -0.0750126 0.5802119 0.3328516
414.0703518 0.0002305 -0.0495506 -0.0286144 -0.0781650 0.5758356 0.3313399
418.0904523 0.0002359 -0.0512636 -0.0300907 -0.0813543 0.5714264 0.3298209
422.1105528 0.0002413 -0.0529851 -0.0315951 -0.0845802 0.5669861 0.3282953
426.1306533 0.0002466 -0.0547152 -0.0331275 -0.0878427 0.5625165 0.3267640
430.1507538 0.0002520 -0.0564537 -0.0346877 -0.0911414 0.5580195 0.3252279
434.1708543 0.0002573 -0.0582005 -0.0362756 -0.0944761 0.5534970 0.3236877
438.1909548 0.0002626 -0.0599557 -0.0378909 -0.0978466 0.5489509 0.3221444
442.2110553 0.0002679 -0.0617190 -0.0395334 -0.1012524 0.5443833 0.3205988
446.2311558 0.0002732 -0.0634905 -0.0412030 -0.1046935 0.5397960 0.3190517
450.2512563 0.0002784 -0.0652700 -0.0428994 -0.1081694 0.5351911 0.3175040
454.2713568 0.0002836 -0.0670574 -0.0446224 -0.1116797 0.5305705 0.3159566
458.2914573 0.0002889 -0.0688526 -0.0463717 -0.1152243 0.5259363 0.3144102
462.3115578 0.0002941 -0.0706556 -0.0481470 -0.1188026 0.5212905 0.3128659
466.3316583 0.0002993 -0.0724661 -0.0499482 -0.1224143 0.5166352 0.3113244
470.3517588 0.0003044 -0.0742842 -0.0517749 -0.1260591 0.5119723 0.3097865
474.3718593 0.0003096 -0.0761096 -0.0536268 -0.1297364 0.5073039 0.3082531
478.3919598 0.0003147 -0.0779422 -0.0555036 -0.1334459 0.5026320 0.3067250
482.4120603 0.0003198 -0.0797820 -0.0574051 -0.1371870 0.4979585 0.3052031
486.4321608 0.0003249 -0.0816287 -0.0593308 -0.1409595 0.4932856 0.3036881
490.4522613 0.0003299 -0.0834822 -0.0612806 -0.1447627 0.4886151 0.3021809
494.4723618 0.0003350 -0.0853423 -0.0632539 -0.1485962 0.4839490 0.3006821
498.4924623 0.0003400 -0.0872090 -0.0652506 -0.1524595 0.4792892 0.2991926
502.5125628 0.0003450 -0.0890820 -0.0672702 -0.1563521 0.4746376 0.2977132
506.5326633 0.0003499 -0.0909611 -0.0693123 -0.1602734 0.4699961 0.2962444
510.5527638 0.0003549 -0.0928462 -0.0713767 -0.1642229 0.4653664 0.2947871
514.5728643 0.0003598 -0.0947372 -0.0734629 -0.1682001 0.4607504 0.2933420
518.5929648 0.0003647 -0.0966337 -0.0755707 -0.1722044 0.4561498 0.2919096
522.6130653 0.0003696 -0.0985357 -0.0776995 -0.1762352 0.4515662 0.2904906
526.6331658 0.0003744 -0.1004429 -0.0798490 -0.1802919 0.4470014 0.2890856
530.6532663 0.0003792 -0.1023551 -0.0820189 -0.1843740 0.4424568 0.2876952
534.6733668 0.0003840 -0.1042722 -0.0842087 -0.1884809 0.4379340 0.2863200
538.6934673 0.0003888 -0.1061938 -0.0864181 -0.1926119 0.4334346 0.2849605
542.7135678 0.0003935 -0.1081199 -0.0886466 -0.1967665 0.4289598 0.2836171
546.7336683 0.0003982 -0.1100501 -0.0908940 -0.2009441 0.4245110 0.2822904
550.7537688 0.0004029 -0.1119842 -0.0931598 -0.2051440 0.4200896 0.2809809
554.7738693 0.0004075 -0.1139221 -0.0954436 -0.2093657 0.4156967 0.2796888
558.7939698 0.0004122 -0.1158634 -0.0977450 -0.2136085 0.4113335 0.2784146
562.8140704 0.0004168 -0.1178080 -0.1000638 -0.2178718 0.4070010 0.2771587
566.8341709 0.0004213 -0.1197556 -0.1023994 -0.2221550 0.4027003 0.2759214
570.8542714 0.0004258 -0.1217059 -0.1047516 -0.2264575 0.3984322 0.2747029
574.8743719 0.0004303 -0.1236588 -0.1071199 -0.2307787 0.3941977 0.2735035
578.8944724 0.0004348 -0.1256139 -0.1095041 -0.2351180 0.3899975 0.2723234
582.9145729 0.0004392 -0.1275710 -0.1119037 -0.2394747 0.3858324 0.2711629
586.9346734 0.0004436 -0.1295299 -0.1143185 -0.2438483 0.3817030 0.2700220
590.9547739 0.0004480 -0.1314902 -0.1167480 -0.2482383 0.3776098 0.2689010
594.9748744 0.0004523 -0.1334519 -0.1191920 -0.2526439 0.3735534 0.2678000
598.9949749 0.0004566 -0.1354145 -0.1216502 -0.2570647 0.3695341 0.2667189
603.0150754 0.0004609 -0.1373778 -0.1241222 -0.2615000 0.3655523 0.2656579
607.0351759 0.0004651 -0.1393416 -0.1266078 -0.2659494 0.3616084 0.2646169
611.0552764 0.0004693 -0.1413057 -0.1291066 -0.2704123 0.3577024 0.2635960
615.0753769 0.0004735 -0.1432696 -0.1316184 -0.2748880 0.3538346 0.2625951
619.0954774 0.0004776 -0.1452333 -0.1341429 -0.2793763 0.3500050 0.2616141
623.1155779 0.0004817 -0.1471964 -0.1366799 -0.2838764 0.3462136 0.2606530
627.1356784 0.0004858 -0.1491587 -0.1392292 -0.2883879 0.3424604 0.2597116
631.1557789 0.0004898 -0.1511199 -0.1417904 -0.2929103 0.3387452 0.2587897
635.1758794 0.0004938 -0.1530798 -0.1443634 -0.2974432 0.3350679 0.2578873
639.1959799 0.0004977 -0.1550381 -0.1469479 -0.3019861 0.3314281 0.2570041
643.2160804 0.0005017 -0.1569946 -0.1495439 -0.3065385 0.3278257 0.2561400
647.2361809 0.0005055 -0.1589490 -0.1521511 -0.3111001 0.3242602 0.2552946
651.2562814 0.0005094 -0.1609010 -0.1547693 -0.3156704 0.3207313 0.2544678
655.2763819 0.0005132 -0.1628505 -0.1573985 -0.3202490 0.3172384 0.2536592
659.2964824 0.0005170 -0.1647972 -0.1600383 -0.3248355 0.3137812 0.2528686
663.3165829 0.0005207 -0.1667408 -0.1626889 -0.3294296 0.3103589 0.2520957
667.3366834 0.0005245 -0.1686811 -0.1653499 -0.3340310 0.3069711 0.2513401
671.3567839 0.0005281 -0.1706178 -0.1680215 -0.3386393 0.3036171 0.2506015
675.3768844 0.0005318 -0.1725509 -0.1707033 -0.3432542 0.3002962 0.2498797
679.3969849 0.0005354 -0.1744799 -0.1733955 -0.3478754 0.2970076 0.2491741
683.4170854 0.0005390 -0.1764047 -0.1760979 -0.3525026 0.2937508 0.2484845
687.4371859 0.0005425 -0.1783252 -0.1788105 -0.3571356 0.2905248 0.2478104
691.4572864 0.0005460 -0.1802409 -0.1815332 -0.3617742 0.2873288 0.2471516
695.4773869 0.0005495 -0.1821519 -0.1842662 -0.3664181 0.2841621 0.2465074
699.4974874 0.0005529 -0.1840578 -0.1870093 -0.3710670 0.2810237 0.2458777
703.5175879 0.0005564 -0.1859584 -0.1897626 -0.3757210 0.2779127 0.2452619
707.5376884 0.0005597 -0.1878536 -0.1925261 -0.3803797 0.2748283 0.2446596
711.5577889 0.0005631 -0.1897431 -0.1952998 -0.3850430 0.2717696 0.2440705
715.5778894 0.0005664 -0.1916268 -0.1980839 -0.3897107 0.2687355 0.2434940
719.5979899 0.0005697 -0.1935045 -0.2008784 -0.3943829 0.2657252 0.2429297
723.6180905 0.0005730 -0.1953760 -0.2036833 -0.3990593 0.2627375 0.2423773
727.6381910 0.0005762 -0.1972412 -0.2064988 -0.4037400 0.2597717 0.2418362
731.6582915 0.0005794 -0.1990998 -0.2093249 -0.4084247 0.2568266 0.2413060
735.6783920 0.0005825 -0.2009518 -0.2121618 -0.4131136 0.2539014 0.2407863
739.6984925 0.0005857 -0.2027968 -0.2150096 -0.4178065 0.2509948 0.2402767
743.7185930 0.0005888 -0.2046349 -0.2178685 -0.4225034 0.2481061 0.2397766
747.7386935 0.0005919 -0.2064658 -0.2207386 -0.4272044 0.2452341 0.2392858
751.7587940 0.0005949 -0.2082894 -0.2236201 -0.4319095 0.2423778 0.2388036
755.7788945 0.0005980 -0.2101056 -0.2265131 -0.4366187 0.2395362 0.2383297
759.7989950 0.0006010 -0.2119142 -0.2294179 -0.4413321 0.2367084 0.2378637
763.8190955 0.0006039 -0.2137151 -0.2323346 -0.4460497 0.2338932 0.2374050
767.8391960 0.0006069 -0.2155082 -0.2352635 -0.4507717 0.2310898 0.2369534
771.8592965 0.0006098 -0.2172933 -0.2382047 -0.4554980 0.2282971 0.2365083
775.8793970 0.0006127 -0.2190704 -0.2411586 -0.4602289 0.2255140 0.2360694
779.8994975 0.0006156 -0.2208393 -0.2441253 -0.4649645 0.2227397 0.2356362
783.9195980 0.0006185 -0.2225999 -0.2471051 -0.4697049 0.2199731 0.2352083
787.9396985 0.0006213 -0.2243521 -0.2500982 -0.4744503 0.2172133 0.2347853
791.9597990 0.0006241 -0.2260959 -0.2531050 -0.4792009 0.2144593 0.2343668
795.9798995 0.0006269 -0.2278311 -0.2561256 -0.4839567 0.2117102 0.2339524
800.0000000 0.0006297 -0.2295577 -0.2591605 -0.4887182 0.2089651 0.2335417
