0.0000000 -0.0008975 0.0072279 0.0430920 0.0503199 0.0000000 0.0000000 0.0000006 0.0047716
0.0402010 -0.0008806 0.0091906 0.0442718 0.0534624 -0.0000000 0.0000000 0.0000005 0.0047567
0.0804020 -0.0008637 0.0110859 0.0453843 0.0564701 -0.0000000 0.0000000 0.0000005 0.0047415
0.1206030 -0.0008468 0.0129139 0.0464298 0.0593436 -0.0000000 0.0000000 0.0000005 0.0047263
0.1608040 -0.0008300 0.0146747 0.0474086 0.0620833 -0.0000000 0.0000000 0.0000005 0.0047108
0.2010050 -0.0008132 0.0163687 0.0483209 0.0646896 -0.0000000 0.0000000 0.0000005 0.0046951
0.2412060 -0.0007965 0.0179959 0.0491671 0.0671630 -0.0000000 0.0000000 0.0000005 0.0046793
0.2814070 -0.0007797 0.0195567 0.0499475 0.0695042 -0.0000000 0.0000000 0.0000005 0.0046634
0.3216080 -0.0007631 0.0210513 0.0506625 0.0717138 -0.0000000 0.0000000 0.0000005 0.0046473
0.3618090 -0.0007464 0.0224800 0.0513124 0.0737924 -0.0000000 0.0000000 0.0000005 0.0046310
0.4020101 -0.0007298 0.0238430 0.0518977 0.0757408 -0.0000000 0.0000000 0.0000005 0.0046146
0.4422111 -0.0007133 0.0251409 0.0524188 0.0775597 -0.0000000 0.0000000 0.0000004 0.0045980
0.4824121 -0.0006968 0.0263738 0.0528762 0.0792500 -0.0000000 0.0000000 0.0000004 0.0045813
0.5226131 -0.0006804 0.0275423 0.0532703 0.0808126 -0.0000000 0.0000000 0.0000004 0.0045644
0.5628141 -0.0006640 0.0286467 0.0536016 0.0822483 -0.0000000 0.0000000 0.0000004 0.0045475
0.6030151 -0.0006477 0.0296874 0.0538707 0.0835581 -0.0000000 0.0000000 0.0000004 0.0045304
0.6432161 -0.0006315 0.0306649 0.0540781 0.0847431 -0.0000000 0.0000000 0.0000004 0.0045131
0.6834171 -0.0006153 0.0315798 0.0542244 0.0858041 -0.0000000 0.0000000 0.0000004 0.0044958
0.7236181 -0.0005992 0.0324324 0.0543101 0.0867424 -0.0000000 0.0000000 0.0000004 0.0044783
0.7638191 -0.0005832 0.0332233 0.0543358 0.0875591 -0.0000000 0.0000000 0.0000004 0.0044608
0.8040201 -0.0005672 0.0339531 0.0543023 0.0882553 -0.0000000 0.0000000 0.0000004 0.0044431
0.8442211 -0.0005513 0.0346222 0.0542100 0.0888322 -0.0000000 0.0000000 0.0000003 0.0044254
0.8844221 -0.0005355 0.0352314 0.0540597 0.0892911 -0.0000000 0.0000000 0.0000003 0.0044075
0.9246231 -0.0005198 0.0357812 0.0538520 0.0896331 -0.0000000 0.0000000 0.0000003 0.0043896
0.9648241 -0.0005042 0.0362721 0.0535876 0.0898597 -0.0000000 0.0000000 0.0000003 0.0043716
1.0050251 -0.0004887 0.0367049 0.0532672 0.0899721 -0.0000000 0.0000000 0.0000003 0.0043535
1.0452261 -0.0004732 0.0370802 0.0528916 0.0899718 0.0000000 0.0000000 0.0000003 0.0043354
1.0854271 -0.0004579 0.0373987 0.0524614 0.0898601 -0.0000000 0.0000000 0.0000003 0.0043172
1.1256281 -0.0004426 0.0376610 0.0519774 0.0896384 -0.0000000 0.0000000 0.0000003 0.0042989
1.1658291 -0.0004275 0.0378678 0.0514403 0.0893081 -0.0000000 0.0000000 0.0000003 0.0042806
1.2060302 -0.0004124 0.0380199 0.0508509 0.0888709 -0.0000000 0.0000000 0.0000003 0.0042622
1.2462312 -0.0003975 0.0381180 0.0502101 0.0883281 -0.0000000 0.0000000 0.0000002 0.0042438
1.2864322 -0.0003826 0.0381628 0.0495185 0.0876812 -0.0000000 0.0000000 0.0000002 0.0042253
1.3266332 -0.0003679 0.0381550 0.0487769 0.0869319 -0.0000000 0.0000000 0.0000002 0.0042068
1.3668342 -0.0003533 0.0380955 0.0479862 0.0860817 -0.0000000 0.0000000 0.0000002 0.0041883
1.4070352 -0.0003387 0.0379850 0.0471471 0.0851321 0.0000000 0.0000000 0.0000002 0.0041698
1.4472362 -0.0003243 0.0378243 0.0462605 0.0840848 -0.0000000 0.0000000 0.0000002 0.0041512
1.4874372 -0.0003100 0.0376141 0.0453272 0.0829413 0.0000000 0.0000000 0.0000002 0.0041326
1.5276382 -0.0002958 0.0373553 0.0443480 0.0817033 -0.0000000 0.0000000 0.0000002 0.0041141
1.5678392 -0.0002818 0.0370488 0.0433237 0.0803725 0.0000000 0.0000000 0.0000002 0.0040955
1.6080402 -0.0002678 0.0366952 0.0422552 0.0789504 0.0000000 0.0000000 0.0000002 0.0040769
1.6482412 -0.0002540 0.0362954 0.0411433 0.0774387 -0.0000000 0.0000000 0.0000002 0.0040583
1.6884422 -0.0002403 0.0358503 0.0399888 0.0758392 0.0000000 0.0000000 0.0000002 0.0040398
1.7286432 -0.0002267 0.0353608 0.0387926 0.0741534 0.0000000 0.0000000 0.0000001 0.0040212
1.7688442 -0.0002132 0.0348275 0.0375555 0.0723830 0.0000000 0.0000000 0.0000001 0.0040027
1.8090452 -0.0001999 0.0342514 0.0362783 0.0705298 0.0000000 0.0000000 0.0000001 0.0039842
1.8492462 -0.0001866 0.0336334 0.0349620 0.0685954 0.0000000 0.0000000 0.0000001 0.0039657
1.8894472 -0.0001736 0.0329742 0.0336072 0.0665814 0.0000000 0.0000000 0.0000001 0.0039473
1.9296482 -0.0001606 0.0322748 0.0322148 0.0644896 0.0000000 0.0000000 0.0000001 0.0039289
1.9698492 -0.0001477 0.0315360 0.0307858 0.0623217 -0.0000000 0.0000000 0.0000001 0.0039106
2.0100503 -0.0001350 0.0307586 0.0293208 0.0600794 0.0000000 0.0000000 0.0000001 0.0038923
2.0502513 -0.0001224 0.0299435 0.0278207 0.0577642 0.0000000 0.0000000 0.0000001 0.0038740
2.0904523 -0.0001100 0.0290915 0.0262864 0.0553779 0.0000000 0.0000000 0.0000001 0.0038558
2.1306533 -0.0000977 0.0282036 0.0247186 0.0529222 0.0000000 0.0000000 0.0000001 0.0038377
2.1708543 -0.0000855 0.0272806 0.0231182 0.0503987 -0.0000000 0.0000000 0.0000001 0.0038196
2.2110553 -0.0000734 0.0263232 0.0214859 0.0478091 0.0000000 0.0000000 0.0000000 0.0038016
2.2512563 -0.0000615 0.0253325 0.0198225 0.0451550 0.0000000 0.0000000 0.0000000 0.0037837
2.2914573 -0.0000497 0.0243091 0.0181289 0.0424380 0.0000000 0.0000000 0.0000000 0.0037659
2.3316583 -0.0000380 0.0232540 0.0164057 0.0396597 0.0000000 0.0000000 0.0000000 0.0037481
2.3718593 -0.0000264 0.0221680 0.0146539 0.0368219 0.0000000 0.0000000 0.0000000 0.0037304
2.4120603 -0.0000150 0.0210519 0.0128740 0.0339259 -0.0000000 0.0000000 0.0000000 0.0037128
2.4522613 -0.0000037 0.0199066 0.0110669 0.0309736 0.0000000 0.0000000 0.0000000 0.0036952
2.4924623 0.0000074 0.0187329 0.0092334 0.0279663 -0.0000000 0.0000000 0.0000000 0.0036778
2.5326633 0.0000184 0.0175316 0.0073741 0.0249057 -0.0000000 0.0000000 0.0000000 0.0036605
2.5728643 0.0000293 0.0163036 0.0054897 0.0217933 -0.0000000 0.0000000 0.0000000 0.0036432
2.6130653 0.0000401 0.0150495 0.0035810 0.0186305 0.0000000 0.0000000 0.0000000 0.0036261
2.6532663 0.0000507 0.0137703 0.0016487 0.0154190 0.0000000 0.0000000 0.0000000 0.0036090
2.6934673 0.0000612 0.0124667 -0.0003065 0.0121602 -0.0000000 0.0000000 0.0000000 0.0035921
2.7336683 0.0000715 0.0111395 -0.0022841 0.0088554 0.0000000 0.0000000 0.0000000 0.0035752
2.7738693 0.0000818 0.0097895 -0.0042832 0.0055063 0.0000000 0.0000000 0.0000001 0.0035585
2.8140704 0.0000919 0.0084175 -0.0063034 0.0021141 -0.0000000 0.0000000 0.0000001 0.0035419
2.8542714 0.0001019 0.0070241 -0.0083438 -0.0013197 -0.0000000 0.0000000 0.0000001 0.0035253
2.8944724 0.0001117 0.0056103 -0.0104040 -0.0047937 0.0000000 0.0000000 0.0000001 0.0035089
2.9346734 0.0001214 0.0041766 -0.0124832 -0.0083066 0.0000000 0.0000000 0.0000001 0.0034927
2.9748744 0.0001310 0.0027239 -0.0145810 -0.0118571 -0.0000000 0.0000000 0.0000001 0.0034765
3.0150754 0.0001405 0.0012529 -0.0166967 -0.0154438 -0.0000000 0.0000000 0.0000001 0.0034604
3.0552764 0.0001498 -0.0002358 -0.0188297 -0.0190655 0.0000000 0.0000000 0.0000001 0.0034445
3.0954774 0.0001590 -0.0017413 -0.0209796 -0.0227209 0.0000000 0.0000000 0.0000001 0.0034287
3.1356784 0.0001681 -0.0032631 -0.0231457 -0.0264088 -0.0000000 0.0000000 0.0000001 0.0034130
3.1758794 0.0001771 -0.0048004 -0.0253275 -0.0301279 0.0000000 0.0000000 0.0000001 0.0033975
3.2160804 0.0001860 -0.0063526 -0.0275246 -0.0338771 -0.0000000 0.0000000 0.0000001 0.0033821
3.2562814 0.0001947 -0.0079190 -0.0297363 -0.0376553 -0.0000000 0.0000000 0.0000001 0.0033668
3.2964824 0.0002033 -0.0094989 -0.0319624 -0.0414612 0.0000000 0.0000000 0.0000001 0.0033516
3.3366834 0.0002118 -0.0110917 -0.0342022 -0.0452939 0.0000000 0.0000000 0.0000001 0.0033366
3.3768844 0.0002201 -0.0126968 -0.0364553 -0.0491521 -0.0000000 0.0000000 0.0000001 0.0033216
3.4170854 0.0002284 -0.0143135 -0.0387213 -0.0530348 -0.0000000 0.0000000 0.0000001 0.0033069
3.4572864 0.0002365 -0.0159413 -0.0409998 -0.0569411 -0.0000000 0.0000000 0.0000001 0.0032922
3.4974874 0.0002446 -0.0175795 -0.0432903 -0.0608698 -0.0000000 0.0000000 0.0000002 0.0032777
3.5376884 0.0002525 -0.0192276 -0.0455925 -0.0648201 -0.0000000 0.0000000 0.0000002 0.0032633
3.5778894 0.0002603 -0.0208850 -0.0479059 -0.0687909 0.0000000 0.0000000 0.0000002 0.0032491
3.6180905 0.0002679 -0.0225511 -0.0502303 -0.0727814 0.0000000 0.0000000 0.0000002 0.0032349
3.6582915 0.0002755 -0.0242254 -0.0525652 -0.0767906 -0.0000000 0.0000000 0.0000002 0.0032210
3.6984925 0.0002830 -0.0259072 -0.0549103 -0.0808176 -0.0000000 0.0000000 0.0000002 0.0032071
3.7386935 0.0002903 -0.0275962 -0.0572654 -0.0848616 -0.0000000 0.0000000 0.0000002 0.0031934
3.7788945 0.0002976 -0.0292918 -0.0596300 -0.0889218 -0.0000000 0.0000000 0.0000002 0.0031798
3.8190955 0.0003047 -0.0309934 -0.0620040 -0.0929974 -0.0000000 0.0000000 0.0000002 0.0031664
3.8592965 0.0003117 -0.0327006 -0.0643869 -0.0970875 -0.0000000 0.0000000 0.0000002 0.0031530
3.8994975 0.0003186 -0.0344129 -0.0667787 -0.1011915 -0.0000000 0.0000000 0.0000002 0.0031399
3.9396985 0.0003255 -0.0361298 -0.0691789 -0.1053087 0.0000000 0.0000000 0.0000002 0.0031268
3.9798995 0.0003322 -0.0378508 -0.0715874 -0.1094382 -0.0000000 0.0000000 0.0000002 0.0031139
4.0201005 0.0003388 -0.0395755 -0.0740040 -0.1135795 -0.0000000 0.0000000 0.0000002 0.0031011
4.0603015 0.0003454 -0.0413035 -0.0764284 -0.1177318 -0.0000000 0.0000000 0.0000002 0.0030885
4.1005025 0.0003518 -0.0430343 -0.0788604 -0.1218947 -0.0000000 0.0000000 0.0000002 0.0030760
4.1407035 0.0003581 -0.0447674 -0.0812999 -0.1260674 -0.0000000 0.0000000 0.0000002 0.0030636
4.1809045 0.0003644 -0.0465026 -0.0837467 -0.1302493 -0.0000000 0.0000000 0.0000002 0.0030513
4.2211055 0.0003705 -0.0482394 -0.0862007 -0.1344400 -0.0000000 0.0000000 0.0000002 0.0030392
4.2613065 0.0003766 -0.0499773 -0.0886616 -0.1386389 -0.0000000 0.0000000 0.0000002 0.0030272
4.3015075 0.0003825 -0.0517160 -0.0911295 -0.1428455 -0.0000000 0.0000000 0.0000002 0.0030154
4.3417085 0.0003884 -0.0534552 -0.0936041 -0.1470593 -0.0000000 0.0000000 0.0000002 0.0030036
4.3819095 0.0003942 -0.0551945 -0.0960853 -0.1512798 -0.0000000 0.0000000 0.0000002 0.0029920
4.4221106 0.0003999 -0.0569335 -0.0985731 -0.1555066 -0.0000000 0.0000000 0.0000002 0.0029805
4.4623116 0.0004055 -0.0586719 -0.1010674 -0.1597393 -0.0000000 0.0000000 0.0000003 0.0029692
4.5025126 0.0004110 -0.0604094 -0.1035682 -0.1639775 -0.0000000 0.0000000 0.0000003 0.0029580
4.5427136 0.0004165 -0.0621455 -0.1060753 -0.1682208 -0.0000000 0.0000000 0.0000003 0.0029469
4.5829146 0.0004218 -0.0638801 -0.1085887 -0.1724688 -0.0000000 0.0000000 0.0000003 0.0029359
4.6231156 0.0004271 -0.0656129 -0.1111084 -0.1767213 -0.0000000 0.0000000 0.0000003 0.0029250
4.6633166 0.0004323 -0.0673434 -0.1136344 -0.1809778 -0.0000000 0.0000000 0.0000003 0.0029143
4.7035176 0.0004375 -0.0690715 -0.1161667 -0.1852382 -0.0000000 0.0000000 0.0000003 0.0029037
4.7437186 0.0004425 -0.0707968 -0.1187052 -0.1895021 -0.0000000 0.0000000 0.0000003 0.0028932
4.7839196 0.0004475 -0.0725192 -0.1212501 -0.1937693 -0.0000000 0.0000000 0.0000003 0.0028828
4.8241206 0.0004524 -0.0742382 -0.1238013 -0.1980395 -0.0000000 0.0000000 0.0000003 0.0028726
4.8643216 0.0004572 -0.0759537 -0.1263588 -0.2023125 -0.0000000 0.0000000 0.0000003 0.0028624
4.9045226 0.0004620 -0.0776655 -0.1289227 -0.2065882 -0.0000000 0.0000000 0.0000003 0.0028524
4.9447236 0.0004667 -0.0793732 -0.1314932 -0.2108664 -0.0000000 0.0000000 0.0000003 0.0028425
4.9849246 0.0004713 -0.0810768 -0.1340701 -0.2151469 -0.0000000 0.0000000 0.0000003 0.0028326
5.0251256 0.0004759 -0.0827758 -0.1366537 -0.2194295 -0.0000000 0.0000000 0.0000003 0.0028229
5.0653266 0.0004804 -0.0844702 -0.1392440 -0.2237141 -0.0000000 0.0000000 0.0000003 0.0028134
5.1055276 0.0004848 -0.0861597 -0.1418410 -0.2280007 -0.0000000 0.0000000 0.0000003 0.0028039
5.1457286 0.0004892 -0.0878441 -0.1444451 -0.2322891 -0.0000000 0.0000000 0.0000003 0.0027945
5.1859296 0.0004935 -0.0895232 -0.1470561 -0.2365793 -0.0000000 0.0000000 0.0000003 0.0027852
5.2261307 0.0004977 -0.0911969 -0.1496743 -0.2408712 -0.0000000 0.0000000 0.0000003 0.0027761
5.2663317 0.0005019 -0.0928649 -0.1522998 -0.2451647 -0.0000000 0.0000000 0.0000003 0.0027670
5.3065327 0.0005060 -0.0945271 -0.1549328 -0.2494599 -0.0000000 0.0000000 0.0000003 0.0027580
5.3467337 0.0005101 -0.0961833 -0.1575734 -0.2537567 0.0000000 0.0000000 0.0000003 0.0027492
5.3869347 0.0005141 -0.0978334 -0.1602217 -0.2580552 0.0000000 0.0000000 0.0000003 0.0027404
5.4271357 0.0005181 -0.0994772 -0.1628781 -0.2623552 0.0000000 0.0000000 0.0000003 0.0027317
5.4673367 0.0005220 -0.1011145 -0.1655425 -0.2666570 0.0000000 0.0000000 0.0000003 0.0027231
5.5075377 0.0005259 -0.1027453 -0.1682153 -0.2709605 -0.0000000 0.0000000 0.0000003 0.0027147
5.5477387 0.0005297 -0.1043693 -0.1708965 -0.2752658 0.0000000 0.0000000 0.0000003 0.0027063
5.5879397 0.0005334 -0.1059864 -0.1735866 -0.2795730 0.0000000 0.0000000 0.0000003 0.0026980
5.6281407 0.0005371 -0.1075966 -0.1762855 -0.2838821 0.0000000 0.0000000 0.0000003 0.0026897
5.6683417 0.0005408 -0.1091996 -0.1789937 -0.2881933 0.0000000 0.0000000 0.0000003 0.0026816
5.7085427 0.0005444 -0.1107954 -0.1817112 -0.2925067 0.0000000 0.0000000 0.0000003 0.0026736
5.7487437 0.0005480 -0.1123839 -0.1844384 -0.2968223 -0.0000000 0.0000000 0.0000003 0.0026656
5.7889447 0.0005515 -0.1139649 -0.1871755 -0.3011405 0.0000000 0.0000000 0.0000003 0.0026577
5.8291457 0.0005550 -0.1155384 -0.1899228 -0.3054612 0.0000000 0.0000000 0.0000003 0.0026499
5.8693467 0.0005584 -0.1171043 -0.1926804 -0.3097847 0.0000000 0.0000000 0.0000003 0.0026422
5.9095477 0.0005619 -0.1186624 -0.1954488 -0.3141112 0.0000000 0.0000000 0.0000004 0.0026345
5.9497487 0.0005652 -0.1202127 -0.1982280 -0.3184408 0.0000000 0.0000000 0.0000004 0.0026270
5.9899497 0.0005685 -0.1217551 -0.2010186 -0.3227737 0.0000000 0.0000000 0.0000004 0.0026195
6.0301508 0.0005718 -0.1232895 -0.2038206 -0.3271102 0.0000000 0.0000000 0.0000004 0.0026120
6.0703518 0.0005751 -0.1248159 -0.2066345 -0.3314504 0.0000000 0.0000000 0.0000004 0.0026047
6.1105528 0.0005783 -0.1263342 -0.2094605 -0.3357947 0.0000000 0.0000000 0.0000004 0.0025974
6.1507538 0.0005815 -0.1278442 -0.2122990 -0.3401432 0.0000000 0.0000000 0.0000004 0.0025902
6.1909548 0.0005847 -0.1293460 -0.2151502 -0.3444963 0.0000000 0.0000000 0.0000004 0.0025830
6.2311558 0.0005878 -0.1308396 -0.2180145 -0.3488541 0.0000000 0.0000000 0.0000004 0.0025759
6.2713568 0.0005909 -0.1323247 -0.2208922 -0.3532169 0.0000000 0.0000000 0.0000004 0.0025689
6.3115578 0.0005939 -0.1338014 -0.2237837 -0.3575851 0.0000000 0.0000000 0.0000004 0.0025619
6.3517588 0.0005970 -0.1352697 -0.2266892 -0.3619589 0.0000000 0.0000000 0.0000004 0.0025550
6.3919598 0.0006000 -0.1367295 -0.2296092 -0.3663386 0.0000000 0.0000000 0.0000004 0.0025481
6.4321608 0.0006030 -0.1381807 -0.2325439 -0.3707246 0.0000000 0.0000000 0.0000004 0.0025413
6.4723618 0.0006059 -0.1396234 -0.2354938 -0.3751172 0.0000000 0.0000000 0.0000004 0.0025346
6.5125628 0.0006088 -0.1410575 -0.2384592 -0.3795167 -0.0000000 0.0000000 0.0000004 0.0025279
6.5527638 0.0006117 -0.1424829 -0.2414404 -0.3839233 0.0000000 0.0000000 0.0000004 0.0025212
6.5929648 0.0006146 -0.1438997 -0.2444379 -0.3883376 0.0000000 0.0000000 0.0000004 0.0025146
6.6331658 0.0006175 -0.1453078 -0.2474520 -0.3927598 -0.0000000 0.0000000 0.0000004 0.0025081
6.6733668 0.0006203 -0.1467072 -0.2504831 -0.3971904 -0.0000000 0.0000000 0.0000004 0.0025016
6.7135678 0.0006231 -0.1480980 -0.2535316 -0.4016296 0.0000000 0.0000000 0.0000004 0.0024951
6.7537688 0.0006259 -0.1494799 -0.2565979 -0.4060778 0.0000000 0.0000000 0.0000004 0.0024887
6.7939698 0.0006287 -0.1508532 -0.2596823 -0.4105355 -0.0000000 0.0000000 0.0000004 0.0024823
6.8341709 0.0006315 -0.1522177 -0.2627854 -0.4150031 0.0000000 0.0000000 0.0000004 0.0024760
6.8743719 0.0006342 -0.1535735 -0.2659073 -0.4194809 0.0000000 0.0000000 0.0000004 0.0024697
6.9145729 0.0006370 -0.1549206 -0.2690487 -0.4239693 -0.0000000 0.0000000 0.0000004 0.0024634
6.9547739 0.0006397 -0.1562590 -0.2722099 -0.4284689 -0.0000000 0.0000000 0.0000004 0.0024572
6.9949749 0.0006424 -0.1575886 -0.2753913 -0.4329799 0.0000000 0.0000000 0.0000004 0.0024510
7.0351759 0.0006451 -0.1589096 -0.2785932 -0.4375028 0.0000000 0.0000000 0.0000004 0.0024448
7.0753769 0.0006477 -0.1602218 -0.2818163 -0.4420381 0.0000000 0.0000000 0.0000004 0.0024387
7.1155779 0.0006504 -0.1615254 -0.2850608 -0.4465862 0.0000000 0.0000000 0.0000004 0.0024326
7.1557789 0.0006531 -0.1628203 -0.2883272 -0.4511475 -0.0000000 0.0000000 0.0000004 0.0024265
7.1959799 0.0006557 -0.1641066 -0.2916159 -0.4557225 0.0000000 0.0000000 0.0000004 0.0024204
7.2361809 0.0006583 -0.1653843 -0.2949273 -0.4603117 0.0000000 0.0000000 0.0000004 0.0024144
7.2763819 0.0006610 -0.1666535 -0.2982620 -0.4649155 0.0000000 0.0000000 0.0000004 0.0024084
7.3165829 0.0006636 -0.1679141 -0.3016202 -0.4695344 -0.0000000 0.0000000 0.0000004 0.0024024
7.3567839 0.0006662 -0.1691662 -0.3050026 -0.4741688 0.0000000 0.0000000 0.0000004 0.0023964
7.3969849 0.0006688 -0.1704099 -0.3084094 -0.4788193 -0.0000000 0.0000000 0.0000004 0.0023904
7.4371859 0.0006714 -0.1716452 -0.3118411 -0.4834863 0.0000000 0.0000000 0.0000004 0.0023845
7.4773869 0.0006740 -0.1728721 -0.3152982 -0.4881703 -0.0000000 0.0000000 0.0000004 0.0023786
7.5175879 0.0006766 -0.1740907 -0.3187811 -0.4928718 0.0000000 0.0000000 0.0000004 0.0023726
7.5577889 0.0006792 -0.1753011 -0.3222902 -0.4975913 0.0000000 0.0000000 0.0000004 0.0023667
7.5979899 0.0006818 -0.1765032 -0.3258261 -0.5023293 0.0000000 0.0000000 0.0000004 0.0023608
7.6381910 0.0006844 -0.1776973 -0.3293890 -0.5070863 -0.0000000 0.0000000 0.0000004 0.0023550
7.6783920 0.0006869 -0.1788832 -0.3329796 -0.5118628 0.0000000 0.0000000 0.0000004 0.0023491
7.7185930 0.0006895 -0.1800612 -0.3365981 -0.5166593 0.0000000 0.0000000 0.0000004 0.0023432
7.7587940 0.0006921 -0.1812312 -0.3402451 -0.5214763 0.0000000 0.0000000 0.0000004 0.0023373
7.7989950 0.0006947 -0.1823934 -0.3439210 -0.5263143 -0.0000000 0.0000000 0.0000004 0.0023315
7.8391960 0.0006973 -0.1835477 -0.3476261 -0.5311739 -0.0000000 0.0000000 0.0000004 0.0023256
7.8793970 0.0006999 -0.1846944 -0.3513611 -0.5360555 0.0000000 0.0000000 0.0000004 0.0023197
7.9195980 0.0007024 -0.1858335 -0.3551262 -0.5409597 0.0000000 0.0000000 0.0000004 0.0023139
7.9597990 0.0007050 -0.1869650 -0.3589219 -0.5458869 -0.0000000 0.0000000 0.0000004 0.0023080
8.0000000 0.0007076 -0.1880891 -0.3627487 -0.5508378 0.0000000 0.0000000 0.0000004 0.0023021
