0.0000000 -0.0008978 0.0072241 0.0431028 0.0503270 0.0000000 0.0000000 0.0000000 0.0047718
0.0402010 -0.0008809 0.0091875 0.0442829 0.0534704 0.0000000 0.0000000 0.0000000 0.0047569
0.0804020 -0.0008640 0.0110834 0.0453958 0.0564792 0.0000000 0.0000000 0.0000000 0.0047418
0.1206030 -0.0008471 0.0129120 0.0464416 0.0593536 0.0000000 0.0000000 0.0000000 0.0047265
0.1608040 -0.0008303 0.0146735 0.0474207 0.0620942 0.0000000 0.0000000 0.0000000 0.0047110
0.2010050 -0.0008135 0.0163680 0.0483334 0.0647013 0.0000000 0.0000000 0.0000000 0.0046954
0.2412060 -0.0007967 0.0179957 0.0491798 0.0671756 0.0000000 0.0000000 0.0000000 0.0046796
0.2814070 -0.0007800 0.0195570 0.0499605 0.0695175 0.0000000 0.0000000 0.0000000 0.0046636
0.3216080 -0.0007633 0.0210521 0.0506757 0.0717278 0.0000000 0.0000000 0.0000000 0.0046475
0.3618090 -0.0007467 0.0224812 0.0513259 0.0738071 0.0000000 0.0000000 0.0000000 0.0046312
0.4020101 -0.0007301 0.0238448 0.0519114 0.0757561 0.0000000 0.0000000 0.0000000 0.0046148
0.4422111 -0.0007135 0.0251430 0.0524326 0.0775756 0.0000000 0.0000000 0.0000000 0.0045982
0.4824121 -0.0006970 0.0263764 0.0528901 0.0792665 0.0000000 0.0000000 0.0000000 0.0045815
0.5226131 -0.0006806 0.0275452 0.0532843 0.0808295 0.0000000 0.0000000 0.0000000 0.0045646
0.5628141 -0.0006642 0.0286499 0.0536158 0.0822657 0.0000000 0.0000000 0.0000000 0.0045477
0.6030151 -0.0006479 0.0296910 0.0538850 0.0835759 0.0000000 0.0000000 0.0000000 0.0045306
0.6432161 -0.0006317 0.0306688 0.0540924 0.0847612 0.0000000 0.0000000 0.0000000 0.0045133
0.6834171 -0.0006155 0.0315839 0.0542387 0.0858227 0.0000000 0.0000000 0.0000000 0.0044960
0.7236181 -0.0005994 0.0324368 0.0543245 0.0867613 0.0000000 0.0000000 0.0000000 0.0044785
0.7638191 -0.0005834 0.0332280 0.0543502 0.0875782 0.0000000 0.0000000 0.0000000 0.0044610
0.8040201 -0.0005674 0.0339580 0.0543166 0.0882746 0.0000000 0.0000000 0.0000000 0.0044433
0.8442211 -0.0005515 0.0346274 0.0542243 0.0888517 0.0000000 0.0000000 0.0000000 0.0044256
0.8844221 -0.0005357 0.0352367 0.0540739 0.0893107 0.0000000 0.0000000 0.0000000 0.0044077
0.9246231 -0.0005200 0.0357866 0.0538662 0.0896528 0.0000000 0.0000000 0.0000000 0.0043898
0.9648241 -0.0005044 0.0362777 0.0536017 0.0898795 0.0000000 0.0000000 0.0000000 0.0043718
1.0050251 -0.0004888 0.0367107 0.0532812 0.0899919 0.0000000 0.0000000 0.0000000 0.0043537
1.0452261 -0.0004734 0.0370861 0.0529055 0.0899916 0.0000000 0.0000000 0.0000000 0.0043355
1.0854271 -0.0004580 0.0374046 0.0524751 0.0898798 0.0000000 0.0000000 0.0000000 0.0043173
1.1256281 -0.0004428 0.0376670 0.0519910 0.0896580 0.0000000 0.0000000 0.0000000 0.0042990
1.1658291 -0.0004276 0.0378739 0.0514538 0.0893277 0.0000000 0.0000000 0.0000000 0.0042807
1.2060302 -0.0004126 0.0380260 0.0508642 0.0888903 0.0000000 0.0000000 0.0000000 0.0042623
1.2462312 -0.0003976 0.0381241 0.0502231 0.0883473 0.0000000 0.0000000 0.0000000 0.0042439
1.2864322 -0.0003828 0.0381689 0.0495313 0.0877002 0.0000000 0.0000000 0.0000000 0.0042254
1.3266332 -0.0003680 0.0381612 0.0487895 0.0869507 0.0000000 0.0000000 0.0000000 0.0042069
1.3668342 -0.0003534 0.0381016 0.0479985 0.0861002 0.0000000 0.0000000 0.0000000 0.0041884
1.4070352 -0.0003388 0.0379911 0.0471592 0.0851503 0.0000000 0.0000000 0.0000000 0.0041699
1.4472362 -0.0003244 0.0378303 0.0462723 0.0841026 0.0000000 0.0000000 0.0000000 0.0041513
1.4874372 -0.0003101 0.0376200 0.0453387 0.0829588 0.0000000 0.0000000 0.0000000 0.0041327
1.5276382 -0.0002959 0.0373612 0.0443592 0.0817204 0.0000000 0.0000000 0.0000000 0.0041141
1.5678392 -0.0002819 0.0370545 0.0433346 0.0803891 0.0000000 0.0000000 0.0000000 0.0040956
1.6080402 -0.0002679 0.0367008 0.0422658 0.0789665 0.0000000 0.0000000 0.0000000 0.0040770
1.6482412 -0.0002541 0.0363009 0.0411535 0.0774544 0.0000000 0.0000000 0.0000000 0.0040584
1.6884422 -0.0002404 0.0358557 0.0399986 0.0758543 0.0000000 0.0000000 0.0000000 0.0040398
1.7286432 -0.0002268 0.0353659 0.0388020 0.0741680 0.0000000 0.0000000 0.0000000 0.0040213
1.7688442 -0.0002133 0.0348325 0.0375645 0.0723970 0.0000000 0.0000000 0.0000000 0.0040028
1.8090452 -0.0001999 0.0342562 0.0362870 0.0705432 0.0000000 0.0000000 0.0000000 0.0039843
1.8492462 -0.0001867 0.0336380 0.0349701 0.0686081 0.0000000 0.0000000 0.0000000 0.0039658
1.8894472 -0.0001736 0.0329786 0.0336149 0.0665936 0.0000000 0.0000000 0.0000000 0.0039474
1.9296482 -0.0001606 0.0322790 0.0322221 0.0645011 0.0000000 0.0000000 0.0000000 0.0039290
1.9698492 -0.0001478 0.0315399 0.0307926 0.0623325 0.0000000 0.0000000 0.0000000 0.0039106
2.0100503 -0.0001351 0.0307623 0.0293271 0.0600894 0.0000000 0.0000000 0.0000000 0.0038923
2.0502513 -0.0001225 0.0299469 0.0278266 0.0577735 0.0000000 0.0000000 0.0000000 0.0038741
2.0904523 -0.0001100 0.0290947 0.0262918 0.0553864 0.0000000 0.0000000 0.0000000 0.0038559
2.1306533 -0.0000977 0.0282065 0.0247235 0.0529299 0.0000000 0.0000000 0.0000000 0.0038377
2.1708543 -0.0000855 0.0272831 0.0231225 0.0504056 0.0000000 0.0000000 0.0000000 0.0038197
2.2110553 -0.0000734 0.0263255 0.0214897 0.0478151 0.0000000 0.0000000 0.0000000 0.0038017
2.2512563 -0.0000615 0.0253344 0.0198258 0.0451601 0.0000000 0.0000000 0.0000000 0.0037837
2.2914573 -0.0000497 0.0243107 0.0181316 0.0424423 0.0000000 0.0000000 0.0000000 0.0037659
2.3316583 -0.0000380 0.0232553 0.0164079 0.0396631 0.0000000 0.0000000 0.0000000 0.0037481
2.3718593 -0.0000265 0.0221689 0.0146554 0.0368243 0.0000000 0.0000000 0.0000000 0.0037304
2.4120603 -0.0000150 0.0210525 0.0128750 0.0339275 0.0000000 0.0000000 0.0000000 0.0037128
2.4522613 -0.0000038 0.0199068 0.0110673 0.0309741 0.0000000 0.0000000 0.0000000 0.0036952
2.4924623 0.0000074 0.0187327 0.0092331 0.0279659 0.0000000 0.0000000 0.0000000 0.0036778
2.5326633 0.0000184 0.0175310 0.0073732 0.0249042 0.0000000 0.0000000 0.0000000 0.0036604
2.5728643 0.0000293 0.0163026 0.0054882 0.0217908 0.0000000 0.0000000 0.0000000 0.0036432
2.6130653 0.0000401 0.0150481 0.0035789 0.0186270 0.0000000 0.0000000 0.0000000 0.0036260
2.6532663 0.0000507 0.0137685 0.0016459 0.0154144 0.0000000 0.0000000 0.0000000 0.0036090
2.6934673 0.0000612 0.0124645 -0.0003100 0.0121545 0.0000000 0.0000000 0.0000000 0.0035920
2.7336683 0.0000716 0.0111368 -0.0022882 0.0088486 0.0000000 0.0000000 0.0000000 0.0035752
2.7738693 0.0000818 0.0097864 -0.0042880 0.0054984 0.0000000 0.0000000 0.0000000 0.0035585
2.8140704 0.0000919 0.0084139 -0.0063088 0.0021051 0.0000000 0.0000000 0.0000000 0.0035418
2.8542714 0.0001019 0.0070201 -0.0083500 -0.0013299 0.0000000 0.0000000 0.0000000 0.0035253
2.8944724 0.0001117 0.0056058 -0.0104109 -0.0048051 0.0000000 0.0000000 0.0000000 0.0035089
2.9346734 0.0001215 0.0041717 -0.0124908 -0.0083192 0.0000000 0.0000000 0.0000000 0.0034926
2.9748744 0.0001311 0.0027185 -0.0145893 -0.0118708 0.0000000 0.0000000 0.0000000 0.0034765
3.0150754 0.0001405 0.0012470 -0.0167057 -0.0154588 0.0000000 0.0000000 0.0000000 0.0034604
3.0552764 0.0001499 -0.0002422 -0.0188395 -0.0190817 0.0000000 0.0000000 0.0000000 0.0034445
3.0954774 0.0001591 -0.0017483 -0.0209901 -0.0227383 0.0000000 0.0000000 0.0000000 0.0034287
3.1356784 0.0001682 -0.0032705 -0.0231569 -0.0264275 0.0000000 0.0000000 0.0000000 0.0034130
3.1758794 0.0001772 -0.0048084 -0.0253395 -0.0301479 0.0000000 0.0000000 0.0000000 0.0033974
3.2160804 0.0001860 -0.0063611 -0.0275373 -0.0338984 0.0000000 0.0000000 0.0000000 0.0033820
3.2562814 0.0001948 -0.0079280 -0.0297499 -0.0376779 0.0000000 0.0000000 0.0000000 0.0033667
3.2964824 0.0002034 -0.0095084 -0.0319767 -0.0414851 0.0000000 0.0000000 0.0000000 0.0033515
3.3366834 0.0002119 -0.0111018 -0.0342173 -0.0453191 0.0000000 0.0000000 0.0000000 0.0033365
3.3768844 0.0002202 -0.0127074 -0.0364712 -0.0491786 0.0000000 0.0000000 0.0000000 0.0033216
3.4170854 0.0002285 -0.0143247 -0.0387380 -0.0530627 0.0000000 0.0000000 0.0000000 0.0033068
3.4572864 0.0002366 -0.0159531 -0.0410173 -0.0569704 0.0000000 0.0000000 0.0000000 0.0032921
3.4974874 0.0002446 -0.0175919 -0.0433086 -0.0609005 0.0000000 0.0000000 0.0000000 0.0032776
3.5376884 0.0002525 -0.0192405 -0.0456116 -0.0648521 0.0000000 0.0000000 0.0000000 0.0032632
3.5778894 0.0002603 -0.0208985 -0.0479258 -0.0688243 0.0000000 0.0000000 0.0000000 0.0032490
3.6180905 0.0002680 -0.0225652 -0.0502510 -0.0728162 0.0000000 0.0000000 0.0000000 0.0032349
3.6582915 0.0002756 -0.0242400 -0.0525868 -0.0768268 0.0000000 0.0000000 0.0000000 0.0032209
3.6984925 0.0002831 -0.0259225 -0.0549327 -0.0808553 0.0000000 0.0000000 0.0000000 0.0032070
3.7386935 0.0002904 -0.0276121 -0.0572886 -0.0849007 0.0000000 0.0000000 0.0000000 0.0031933
3.7788945 0.0002977 -0.0293083 -0.0596541 -0.0889624 0.0000000 0.0000000 0.0000000 0.0031797
3.8190955 0.0003048 -0.0310105 -0.0620289 -0.0930394 0.0000000 0.0000000 0.0000000 0.0031663
3.8592965 0.0003118 -0.0327183 -0.0644127 -0.0971310 0.0000000 0.0000000 0.0000000 0.0031530
3.8994975 0.0003188 -0.0344312 -0.0668053 -0.1012365 0.0000000 0.0000000 0.0000000 0.0031398
3.9396985 0.0003256 -0.0361487 -0.0692064 -0.1053551 0.0000000 0.0000000 0.0000000 0.0031267
3.9798995 0.0003323 -0.0378704 -0.0716157 -0.1094861 0.0000000 0.0000000 0.0000000 0.0031138
4.0201005 0.0003389 -0.0395957 -0.0740331 -0.1136288 0.0000000 0.0000000 0.0000000 0.0031010
4.0603015 0.0003455 -0.0413243 -0.0764584 -0.1177827 0.0000000 0.0000000 0.0000000 0.0030884
4.1005025 0.0003519 -0.0430557 -0.0788913 -0.1219470 0.0000000 0.0000000 0.0000000 0.0030759
4.1407035 0.0003582 -0.0447896 -0.0813317 -0.1261212 0.0000000 0.0000000 0.0000000 0.0030635
4.1809045 0.0003645 -0.0465254 -0.0837794 -0.1303047 0.0000000 0.0000000 0.0000000 0.0030512
4.2211055 0.0003706 -0.0482628 -0.0862342 -0.1344969 0.0000000 0.0000000 0.0000000 0.0030391
4.2613065 0.0003767 -0.0500013 -0.0886960 -0.1386974 0.0000000 0.0000000 0.0000000 0.0030271
4.3015075 0.0003827 -0.0517408 -0.0911647 -0.1429055 0.0000000 0.0000000 0.0000000 0.0030153
4.3417085 0.0003885 -0.0534806 -0.0936402 -0.1471208 0.0000000 0.0000000 0.0000000 0.0030035
4.3819095 0.0003943 -0.0552205 -0.0961223 -0.1513429 0.0000000 0.0000000 0.0000000 0.0029919
4.4221106 0.0004000 -0.0569602 -0.0986110 -0.1555712 0.0000000 0.0000000 0.0000000 0.0029805
4.4623116 0.0004056 -0.0586993 -0.1011062 -0.1598055 0.0000000 0.0000000 0.0000000 0.0029691
4.5025126 0.0004112 -0.0604374 -0.1036078 -0.1640452 0.0000000 0.0000000 0.0000000 0.0029579
4.5427136 0.0004166 -0.0621742 -0.1061158 -0.1682900 0.0000000 0.0000000 0.0000000 0.0029468
4.5829146 0.0004220 -0.0639095 -0.1086301 -0.1725396 0.0000000 0.0000000 0.0000000 0.0029358
4.6231156 0.0004273 -0.0656429 -0.1111507 -0.1767936 0.0000000 0.0000000 0.0000000 0.0029249
4.6633166 0.0004325 -0.0673741 -0.1136776 -0.1810517 0.0000000 0.0000000 0.0000000 0.0029142
4.7035176 0.0004376 -0.0691029 -0.1162108 -0.1853137 0.0000000 0.0000000 0.0000000 0.0029036
4.7437186 0.0004427 -0.0708289 -0.1187502 -0.1895791 0.0000000 0.0000000 0.0000000 0.0028931
4.7839196 0.0004477 -0.0725519 -0.1212959 -0.1938479 0.0000000 0.0000000 0.0000000 0.0028827
4.8241206 0.0004526 -0.0742717 -0.1238480 -0.1981197 0.0000000 0.0000000 0.0000000 0.0028725
4.8643216 0.0004574 -0.0759879 -0.1264064 -0.2023943 0.0000000 0.0000000 0.0000000 0.0028623
4.9045226 0.0004622 -0.0777004 -0.1289712 -0.2066716 0.0000000 0.0000000 0.0000000 0.0028523
4.9447236 0.0004669 -0.0794088 -0.1315425 -0.2109513 0.0000000 0.0000000 0.0000000 0.0028424
4.9849246 0.0004715 -0.0811130 -0.1341204 -0.2152334 0.0000000 0.0000000 0.0000000 0.0028326
5.0251256 0.0004760 -0.0828127 -0.1367048 -0.2195176 0.0000000 0.0000000 0.0000000 0.0028229
5.0653266 0.0004805 -0.0845078 -0.1392960 -0.2238038 0.0000000 0.0000000 0.0000000 0.0028133
5.1055276 0.0004850 -0.0861980 -0.1418940 -0.2280920 0.0000000 0.0000000 0.0000000 0.0028038
5.1457286 0.0004893 -0.0878831 -0.1444989 -0.2323820 0.0000000 0.0000000 0.0000000 0.0027944
5.1859296 0.0004937 -0.0895629 -0.1471108 -0.2366737 0.0000000 0.0000000 0.0000000 0.0027852
5.2261307 0.0004979 -0.0912373 -0.1497299 -0.2409672 0.0000000 0.0000000 0.0000000 0.0027760
5.2663317 0.0005021 -0.0929060 -0.1523563 -0.2452623 0.0000000 0.0000000 0.0000000 0.0027669
5.3065327 0.0005062 -0.0945690 -0.1549901 -0.2495591 0.0000000 0.0000000 0.0000000 0.0027580
5.3467337 0.0005103 -0.0962259 -0.1576316 -0.2538575 0.0000000 0.0000000 0.0000000 0.0027491
5.3869347 0.0005143 -0.0978767 -0.1602808 -0.2581575 0.0000000 0.0000000 0.0000000 0.0027403
5.4271357 0.0005183 -0.0995211 -0.1629380 -0.2624591 0.0000000 0.0000000 0.0000000 0.0027316
5.4673367 0.0005222 -0.1011592 -0.1656033 -0.2667625 0.0000000 0.0000000 0.0000000 0.0027231
5.5075377 0.0005260 -0.1027906 -0.1682770 -0.2710676 0.0000000 0.0000000 0.0000000 0.0027146
5.5477387 0.0005299 -0.1044153 -0.1709591 -0.2753744 0.0000000 0.0000000 0.0000000 0.0027062
5.5879397 0.0005336 -0.1060332 -0.1736500 -0.2796832 0.0000000 0.0000000 0.0000000 0.0026979
5.6281407 0.0005373 -0.1076440 -0.1763498 -0.2839939 0.0000000 0.0000000 0.0000000 0.0026897
5.6683417 0.0005410 -0.1092478 -0.1790589 -0.2883066 0.0000000 0.0000000 0.0000000 0.0026815
5.7085427 0.0005446 -0.1108443 -0.1817773 -0.2926216 0.0000000 0.0000000 0.0000000 0.0026735
5.7487437 0.0005482 -0.1124335 -0.1845053 -0.2969388 0.0000000 0.0000000 0.0000000 0.0026655
5.7889447 0.0005517 -0.1140152 -0.1872433 -0.3012585 0.0000000 0.0000000 0.0000000 0.0026576
5.8291457 0.0005552 -0.1155894 -0.1899914 -0.3055808 0.0000000 0.0000000 0.0000000 0.0026498
5.8693467 0.0005587 -0.1171560 -0.1927499 -0.3099059 0.0000000 0.0000000 0.0000000 0.0026421
5.9095477 0.0005621 -0.1187148 -0.1955191 -0.3142339 0.0000000 0.0000000 0.0000000 0.0026345
5.9497487 0.0005654 -0.1202658 -0.1982992 -0.3185650 0.0000000 0.0000000 0.0000000 0.0026269
5.9899497 0.0005688 -0.1218089 -0.2010906 -0.3228995 0.0000000 0.0000000 0.0000000 0.0026194
6.0301508 0.0005720 -0.1233440 -0.2038935 -0.3272375 0.0000000 0.0000000 0.0000000 0.0026120
6.0703518 0.0005753 -0.1248711 -0.2067082 -0.3315793 0.0000000 0.0000000 0.0000000 0.0026046
6.1105528 0.0005785 -0.1263901 -0.2095351 -0.3359252 0.0000000 0.0000000 0.0000000 0.0025973
6.1507538 0.0005817 -0.1279008 -0.2123744 -0.3402752 0.0000000 0.0000000 0.0000000 0.0025901
6.1909548 0.0005849 -0.1294033 -0.2152264 -0.3446298 0.0000000 0.0000000 0.0000000 0.0025830
6.2311558 0.0005880 -0.1308976 -0.2180916 -0.3489891 0.0000000 0.0000000 0.0000000 0.0025759
6.2713568 0.0005911 -0.1323834 -0.2209701 -0.3533535 0.0000000 0.0000000 0.0000000 0.0025688
6.3115578 0.0005941 -0.1338608 -0.2238624 -0.3577232 0.0000000 0.0000000 0.0000000 0.0025619
6.3517588 0.0005972 -0.1353298 -0.2267688 -0.3620986 0.0000000 0.0000000 0.0000000 0.0025550
6.3919598 0.0006002 -0.1367903 -0.2296895 -0.3664798 0.0000000 0.0000000 0.0000000 0.0025481
6.4321608 0.0006032 -0.1382422 -0.2326251 -0.3708673 0.0000000 0.0000000 0.0000000 0.0025413
6.4723618 0.0006061 -0.1396856 -0.2355758 -0.3752614 0.0000000 0.0000000 0.0000000 0.0025345
6.5125628 0.0006091 -0.1411203 -0.2385420 -0.3796624 0.0000000 0.0000000 0.0000000 0.0025279
6.5527638 0.0006120 -0.1425465 -0.2415241 -0.3840706 0.0000000 0.0000000 0.0000000 0.0025212
6.5929648 0.0006148 -0.1439639 -0.2445224 -0.3884864 0.0000000 0.0000000 0.0000000 0.0025146
6.6331658 0.0006177 -0.1453727 -0.2475373 -0.3929101 0.0000000 0.0000000 0.0000000 0.0025081
6.6733668 0.0006205 -0.1467728 -0.2505693 -0.3973421 0.0000000 0.0000000 0.0000000 0.0025016
6.7135678 0.0006234 -0.1481642 -0.2536186 -0.4017828 0.0000000 0.0000000 0.0000000 0.0024951
6.7537688 0.0006262 -0.1495469 -0.2566857 -0.4062326 0.0000000 0.0000000 0.0000000 0.0024887
6.7939698 0.0006289 -0.1509208 -0.2597709 -0.4106918 0.0000000 0.0000000 0.0000000 0.0024823
6.8341709 0.0006317 -0.1522860 -0.2628747 -0.4151608 0.0000000 0.0000000 0.0000000 0.0024760
6.8743719 0.0006345 -0.1536425 -0.2659975 -0.4196401 0.0000000 0.0000000 0.0000000 0.0024697
6.9145729 0.0006372 -0.1549903 -0.2691397 -0.4241300 0.0000000 0.0000000 0.0000000 0.0024634
6.9547739 0.0006399 -0.1563293 -0.2723017 -0.4286310 0.0000000 0.0000000 0.0000000 0.0024572
6.9949749 0.0006426 -0.1576596 -0.2754839 -0.4331435 0.0000000 0.0000000 0.0000000 0.0024510
7.0351759 0.0006453 -0.1589812 -0.2786867 -0.4376679 0.0000000 0.0000000 0.0000000 0.0024448
7.0753769 0.0006480 -0.1602941 -0.2819105 -0.4422046 0.0000000 0.0000000 0.0000000 0.0024387
7.1155779 0.0006506 -0.1615984 -0.2851558 -0.4467541 0.0000000 0.0000000 0.0000000 0.0024326
7.1557789 0.0006533 -0.1628939 -0.2884230 -0.4513169 0.0000000 0.0000000 0.0000000 0.0024265
7.1959799 0.0006560 -0.1641809 -0.2917125 -0.4558934 0.0000000 0.0000000 0.0000000 0.0024204
7.2361809 0.0006586 -0.1654593 -0.2950247 -0.4604840 0.0000000 0.0000000 0.0000000 0.0024144
7.2763819 0.0006612 -0.1667291 -0.2983602 -0.4650893 0.0000000 0.0000000 0.0000000 0.0024084
7.3165829 0.0006638 -0.1679904 -0.3017192 -0.4697096 0.0000000 0.0000000 0.0000000 0.0024024
7.3567839 0.0006664 -0.1692431 -0.3051023 -0.4743455 0.0000000 0.0000000 0.0000000 0.0023964
7.3969849 0.0006691 -0.1704875 -0.3085099 -0.4789974 0.0000000 0.0000000 0.0000000 0.0023904
7.4371859 0.0006717 -0.1717234 -0.3119425 -0.4836659 0.0000000 0.0000000 0.0000000 0.0023845
7.4773869 0.0006743 -0.1729510 -0.3154003 -0.4883513 0.0000000 0.0000000 0.0000000 0.0023786
7.5175879 0.0006768 -0.1741702 -0.3188840 -0.4930542 0.0000000 0.0000000 0.0000000 0.0023727
7.5577889 0.0006794 -0.1753812 -0.3223940 -0.4977752 0.0000000 0.0000000 0.0000000 0.0023668
7.5979899 0.0006820 -0.1765840 -0.3259306 -0.5025146 0.0000000 0.0000000 0.0000000 0.0023609
7.6381910 0.0006846 -0.1777786 -0.3294944 -0.5072730 0.0000000 0.0000000 0.0000000 0.0023550
7.6783920 0.0006872 -0.1789652 -0.3330857 -0.5120509 0.0000000 0.0000000 0.0000000 0.0023491
7.7185930 0.0006898 -0.1801438 -0.3367050 -0.5168488 0.0000000 0.0000000 0.0000000 0.0023432
7.7587940 0.0006923 -0.1813144 -0.3403528 -0.5216673 0.0000000 0.0000000 0.0000000 0.0023374
7.7989950 0.0006949 -0.1824772 -0.3440295 -0.5265067 0.0000000 0.0000000 0.0000000 0.0023315
7.8391960 0.0006975 -0.1836322 -0.3477355 -0.5313677 0.0000000 0.0000000 0.0000000 0.0023256
7.8793970 0.0007001 -0.1847795 -0.3514712 -0.5362507 0.0000000 0.0000000 0.0000000 0.0023198
7.9195980 0.0007027 -0.1859192 -0.3552371 -0.5411563 0.0000000 0.0000000 0.0000000 0.0023139
7.9597990 0.0007053 -0.1870513 -0.3590337 -0.5460850 0.0000000 0.0000000 0.0000000 0.0023080
8.0000000 0.0007079 -0.1881761 -0.3628612 -0.5510373 0.0000000 0.0000000 0.0000000 0.0023022
