0.0000000 -0.0008307 0.0083607 0.0404958 0.0488565 0.0000000 0.1093943 0.0830687 0.0045459
0.0402010 -0.0008153 0.0101751 0.0415968 0.0517719 0.0000000 0.1059146 0.0815321 0.0045371
0.0804020 -0.0008000 0.0119281 0.0426360 0.0545642 0.0000000 0.1024284 0.0799956 0.0045281
0.1206030 -0.0007846 0.0136200 0.0436135 0.0572335 0.0000000 0.0989365 0.0784596 0.0045189
0.1608040 -0.0007692 0.0152508 0.0445294 0.0597802 0.0000000 0.0954394 0.0769245 0.0045094
0.2010050 -0.0007539 0.0168204 0.0453840 0.0622044 0.0000000 0.0919379 0.0753907 0.0044997
0.2412060 -0.0007386 0.0183290 0.0461775 0.0645064 0.0000000 0.0884326 0.0738584 0.0044898
0.2814070 -0.0007233 0.0197767 0.0469101 0.0666868 0.0000000 0.0849242 0.0723281 0.0044797
0.3216080 -0.0007080 0.0211637 0.0475820 0.0687458 0.0000000 0.0814135 0.0708000 0.0044693
0.3618090 -0.0006927 0.0224902 0.0481938 0.0706839 0.0000000 0.0779010 0.0692745 0.0044587
0.4020101 -0.0006775 0.0237563 0.0487455 0.0725018 0.0000000 0.0743875 0.0677519 0.0044479
0.4422111 -0.0006623 0.0249623 0.0492376 0.0741999 0.0000000 0.0708736 0.0662326 0.0044369
0.4824121 -0.0006472 0.0261084 0.0496705 0.0757789 0.0000000 0.0673598 0.0647170 0.0044257
0.5226131 -0.0006321 0.0271949 0.0500446 0.0772395 0.0000000 0.0638470 0.0632052 0.0044143
0.5628141 -0.0006170 0.0282221 0.0503603 0.0785824 0.0000000 0.0603357 0.0616977 0.0044026
0.6030151 -0.0006019 0.0291904 0.0506180 0.0798084 0.0000000 0.0568265 0.0601948 0.0043908
0.6432161 -0.0005870 0.0301002 0.0508182 0.0809184 0.0000000 0.0533201 0.0586968 0.0043787
0.6834171 -0.0005720 0.0309517 0.0509615 0.0819131 0.0000000 0.0498171 0.0572040 0.0043665
0.7236181 -0.0005572 0.0317454 0.0510482 0.0827936 0.0000000 0.0463181 0.0557168 0.0043540
0.7638191 -0.0005424 0.0324817 0.0510791 0.0835608 0.0000000 0.0428236 0.0542353 0.0043414
0.8040201 -0.0005276 0.0331611 0.0510546 0.0842157 0.0000000 0.0393342 0.0527600 0.0043286
0.8442211 -0.0005129 0.0337841 0.0509752 0.0847593 0.0000000 0.0358506 0.0512911 0.0043156
0.8844221 -0.0004983 0.0343511 0.0508417 0.0851928 0.0000000 0.0323732 0.0498288 0.0043024
0.9246231 -0.0004837 0.0348626 0.0506546 0.0855172 0.0000000 0.0289026 0.0483736 0.0042890
0.9648241 -0.0004693 0.0353193 0.0504145 0.0857338 0.0000000 0.0254394 0.0469256 0.0042755
1.0050251 -0.0004549 0.0357216 0.0501221 0.0858437 0.0000000 0.0219840 0.0454852 0.0042618
1.0452261 -0.0004405 0.0360701 0.0497781 0.0858482 0.0000000 0.0185370 0.0440525 0.0042479
1.0854271 -0.0004263 0.0363655 0.0493830 0.0857485 0.0000000 0.0150989 0.0426279 0.0042338
1.1256281 -0.0004121 0.0366083 0.0489377 0.0855459 0.0000000 0.0116701 0.0412116 0.0042197
1.1658291 -0.0003980 0.0367991 0.0484428 0.0852419 0.0000000 0.0082511 0.0398038 0.0042053
1.2060302 -0.0003840 0.0369387 0.0478989 0.0848376 0.0000000 0.0048423 0.0384048 0.0041908
1.2462312 -0.0003701 0.0370276 0.0473070 0.0843346 0.0000000 0.0014442 0.0370148 0.0041762
1.2864322 -0.0003563 0.0370666 0.0466676 0.0837342 0.0000000 0.0000000 0.0356340 0.0041614
1.3266332 -0.0003426 0.0370563 0.0459815 0.0830378 0.0000000 0.0000000 0.0342626 0.0041465
1.3668342 -0.0003290 0.0369974 0.0452496 0.0822470 0.0000000 0.0000000 0.0329009 0.0041315
1.4070352 -0.0003155 0.0368907 0.0444724 0.0813631 0.0000000 0.0000000 0.0315491 0.0041163
1.4472362 -0.0003021 0.0367369 0.0436509 0.0803877 0.0000000 0.0000000 0.0302073 0.0041010
1.4874372 -0.0002888 0.0365366 0.0427857 0.0793224 0.0000000 0.0000000 0.0288757 0.0040856
1.5276382 -0.0002755 0.0362908 0.0418778 0.0781686 0.0000000 0.0000000 0.0275544 0.0040701
1.5678392 -0.0002624 0.0360001 0.0409277 0.0769278 0.0000000 0.0000000 0.0262438 0.0040545
1.6080402 -0.0002494 0.0356653 0.0399364 0.0756017 0.0000000 0.0000000 0.0249439 0.0040388
1.6482412 -0.0002365 0.0352872 0.0389046 0.0741918 0.0000000 0.0000000 0.0236549 0.0040230
1.6884422 -0.0002238 0.0348665 0.0378331 0.0726996 0.0000000 0.0000000 0.0223769 0.0040071
1.7286432 -0.0002111 0.0344041 0.0367228 0.0711268 0.0000000 0.0000000 0.0211100 0.0039911
1.7688442 -0.0001985 0.0339007 0.0355743 0.0694750 0.0000000 0.0000000 0.0198545 0.0039750
1.8090452 -0.0001861 0.0333572 0.0343885 0.0677457 0.0000000 0.0000000 0.0186103 0.0039589
1.8492462 -0.0001738 0.0327743 0.0331663 0.0659406 0.0000000 0.0000000 0.0173777 0.0039427
1.8894472 -0.0001616 0.0321529 0.0319083 0.0640612 0.0000000 0.0000000 0.0161568 0.0039264
1.9296482 -0.0001495 0.0314938 0.0306153 0.0621092 0.0000000 0.0000000 0.0149475 0.0039101
1.9698492 -0.0001375 0.0307978 0.0292882 0.0600861 0.0000000 0.0000000 0.0137501 0.0038937
2.0100503 -0.0001256 0.0300657 0.0279278 0.0579935 0.0000000 0.0000000 0.0125646 0.0038773
2.0502513 -0.0001139 0.0292984 0.0265348 0.0558332 0.0000000 0.0000000 0.0113911 0.0038608
2.0904523 -0.0001023 0.0284966 0.0251099 0.0536065 0.0000000 0.0000000 0.0102296 0.0038443
2.1306533 -0.0000908 0.0276612 0.0236540 0.0513152 0.0000000 0.0000000 0.0090803 0.0038278
2.1708543 -0.0000794 0.0267930 0.0221678 0.0489608 0.0000000 0.0000000 0.0079431 0.0038112
2.2110553 -0.0000682 0.0258928 0.0206521 0.0465449 0.0000000 0.0000000 0.0068182 0.0037946
2.2512563 -0.0000571 0.0249614 0.0191076 0.0440690 0.0000000 0.0000000 0.0057055 0.0037779
2.2914573 -0.0000461 0.0239997 0.0175350 0.0415347 0.0000000 0.0000000 0.0046051 0.0037613
2.3316583 -0.0000352 0.0230084 0.0159352 0.0389436 0.0000000 0.0000000 0.0035171 0.0037447
2.3718593 -0.0000244 0.0219884 0.0143087 0.0362971 0.0000000 0.0000000 0.0024413 0.0037280
2.4120603 -0.0000138 0.0209405 0.0126563 0.0335968 0.0000000 0.0000000 0.0013780 0.0037113
2.4522613 -0.0000033 0.0198654 0.0109787 0.0308441 0.0000000 0.0000000 0.0003270 0.0036947
2.4924623 0.0000071 0.0187639 0.0092767 0.0280406 0.0000000 0.0000000 0.0007116 0.0036780
2.5326633 0.0000174 0.0176370 0.0075508 0.0251878 0.0000000 0.0000000 0.0017379 0.0036614
2.5728643 0.0000275 0.0164852 0.0058018 0.0222870 0.0000000 0.0000000 0.0027517 0.0036448
2.6130653 0.0000375 0.0153094 0.0040303 0.0193397 0.0000000 0.0000000 0.0037533 0.0036282
2.6532663 0.0000474 0.0141104 0.0022369 0.0163474 0.0000000 0.0000000 0.0047425 0.0036116
2.6934673 0.0000572 0.0128890 0.0004224 0.0133114 0.0000000 0.0000000 0.0057195 0.0035951
2.7336683 0.0000668 0.0116458 -0.0014127 0.0102331 0.0000000 0.0000000 0.0066842 0.0035786
2.7738693 0.0000764 0.0103817 -0.0032678 0.0071138 0.0000000 0.0000000 0.0076366 0.0035621
2.8140704 0.0000858 0.0090973 -0.0051423 0.0039550 0.0000000 0.0000000 0.0085769 0.0035456
2.8542714 0.0000951 0.0077934 -0.0070356 0.0007578 0.0000000 0.0000000 0.0095050 0.0035293
2.8944724 0.0001042 0.0064708 -0.0089471 -0.0024763 0.0000000 0.0000000 0.0104211 0.0035129
2.9346734 0.0001133 0.0051300 -0.0108762 -0.0057461 0.0000000 0.0000000 0.0113252 0.0034966
2.9748744 0.0001222 0.0037720 -0.0128224 -0.0090505 0.0000000 0.0000000 0.0122172 0.0034804
3.0150754 0.0001310 0.0023972 -0.0147853 -0.0123881 0.0000000 0.0000000 0.0130974 0.0034642
3.0552764 0.0001397 0.0010064 -0.0167642 -0.0157577 0.0000000 0.0000000 0.0139658 0.0034481
3.0954774 0.0001482 -0.0003996 -0.0187586 -0.0191582 0.0000000 0.0000000 0.0148223 0.0034320
3.1356784 0.0001567 -0.0018203 -0.0207681 -0.0225884 0.0000000 0.0000000 0.0156673 0.0034160
3.1758794 0.0001650 -0.0032550 -0.0227922 -0.0260473 0.0000000 0.0000000 0.0165006 0.0034001
3.2160804 0.0001732 -0.0047031 -0.0248305 -0.0295336 0.0000000 0.0000000 0.0173224 0.0033842
3.2562814 0.0001813 -0.0061639 -0.0268824 -0.0330463 0.0000000 0.0000000 0.0181327 0.0033684
3.2964824 0.0001893 -0.0076368 -0.0289476 -0.0365843 0.0000000 0.0000000 0.0189318 0.0033527
3.3366834 0.0001972 -0.0091212 -0.0310256 -0.0401467 0.0000000 0.0000000 0.0197195 0.0033371
3.3768844 0.0002050 -0.0106164 -0.0331160 -0.0437324 0.0000000 0.0000000 0.0204962 0.0033216
3.4170854 0.0002126 -0.0121220 -0.0352185 -0.0473404 0.0000000 0.0000000 0.0212618 0.0033061
3.4572864 0.0002202 -0.0136372 -0.0373326 -0.0509698 0.0000000 0.0000000 0.0220164 0.0032908
3.4974874 0.0002276 -0.0151617 -0.0394580 -0.0546197 0.0000000 0.0000000 0.0227602 0.0032755
3.5376884 0.0002349 -0.0166947 -0.0415944 -0.0582891 0.0000000 0.0000000 0.0234932 0.0032603
3.5778894 0.0002422 -0.0182358 -0.0437413 -0.0619771 0.0000000 0.0000000 0.0242157 0.0032452
3.6180905 0.0002493 -0.0197843 -0.0458986 -0.0656830 0.0000000 0.0000000 0.0249276 0.0032302
3.6582915 0.0002563 -0.0213399 -0.0480659 -0.0694058 0.0000000 0.0000000 0.0256291 0.0032153
3.6984925 0.0002632 -0.0229020 -0.0502428 -0.0731448 0.0000000 0.0000000 0.0263203 0.0032005
3.7386935 0.0002700 -0.0244700 -0.0524292 -0.0768991 0.0000000 0.0000000 0.0270013 0.0031858
3.7788945 0.0002767 -0.0260435 -0.0546247 -0.0806681 0.0000000 0.0000000 0.0276723 0.0031712
3.8190955 0.0002833 -0.0276220 -0.0568290 -0.0844510 0.0000000 0.0000000 0.0283333 0.0031567
3.8592965 0.0002898 -0.0292050 -0.0590421 -0.0882471 0.0000000 0.0000000 0.0289845 0.0031423
3.8994975 0.0002963 -0.0307921 -0.0612636 -0.0920557 0.0000000 0.0000000 0.0296260 0.0031281
3.9396985 0.0003026 -0.0323828 -0.0634933 -0.0958761 0.0000000 0.0000000 0.0302580 0.0031139
3.9798995 0.0003088 -0.0339767 -0.0657310 -0.0997077 0.0000000 0.0000000 0.0308804 0.0030998
4.0201005 0.0003149 -0.0355734 -0.0679765 -0.1035499 0.0000000 0.0000000 0.0314936 0.0030858
4.0603015 0.0003210 -0.0371724 -0.0702298 -0.1074021 0.0000000 0.0000000 0.0320975 0.0030720
4.1005025 0.0003269 -0.0387733 -0.0724905 -0.1112638 0.0000000 0.0000000 0.0326924 0.0030582
4.1407035 0.0003328 -0.0403758 -0.0747585 -0.1151343 0.0000000 0.0000000 0.0332783 0.0030446
4.1809045 0.0003386 -0.0419794 -0.0770338 -0.1190132 0.0000000 0.0000000 0.0338554 0.0030311
4.2211055 0.0003442 -0.0435838 -0.0793162 -0.1229000 0.0000000 0.0000000 0.0344238 0.0030177
4.2613065 0.0003498 -0.0451886 -0.0816055 -0.1267941 0.0000000 0.0000000 0.0349836 0.0030043
4.3015075 0.0003554 -0.0467934 -0.0839018 -0.1306952 0.0000000 0.0000000 0.0355350 0.0029912
4.3417085 0.0003608 -0.0483979 -0.0862048 -0.1346028 0.0000000 0.0000000 0.0360781 0.0029781
4.3819095 0.0003661 -0.0500018 -0.0885146 -0.1385164 0.0000000 0.0000000 0.0366130 0.0029651
4.4221106 0.0003714 -0.0516048 -0.0908310 -0.1424357 0.0000000 0.0000000 0.0371398 0.0029523
4.4623116 0.0003766 -0.0532064 -0.0931540 -0.1463604 0.0000000 0.0000000 0.0376587 0.0029395
4.5025126 0.0003817 -0.0548065 -0.0954835 -0.1502900 0.0000000 0.0000000 0.0381698 0.0029269
4.5427136 0.0003867 -0.0564046 -0.0978196 -0.1542242 0.0000000 0.0000000 0.0386732 0.0029144
4.5829146 0.0003917 -0.0580005 -0.1001622 -0.1581627 0.0000000 0.0000000 0.0391690 0.0029020
4.6231156 0.0003966 -0.0595940 -0.1025112 -0.1621052 0.0000000 0.0000000 0.0396575 0.0028897
4.6633166 0.0004014 -0.0611847 -0.1048668 -0.1660515 0.0000000 0.0000000 0.0401387 0.0028775
4.7035176 0.0004061 -0.0627724 -0.1072289 -0.1700013 0.0000000 0.0000000 0.0406127 0.0028654
4.7437186 0.0004108 -0.0643567 -0.1095975 -0.1739542 0.0000000 0.0000000 0.0410796 0.0028535
4.7839196 0.0004154 -0.0659376 -0.1119727 -0.1779102 0.0000000 0.0000000 0.0415397 0.0028416
4.8241206 0.0004199 -0.0675146 -0.1143544 -0.1818690 0.0000000 0.0000000 0.0419929 0.0028299
4.8643216 0.0004244 -0.0690877 -0.1167428 -0.1858305 0.0000000 0.0000000 0.0424395 0.0028183
4.9045226 0.0004288 -0.0706564 -0.1191379 -0.1897944 0.0000000 0.0000000 0.0428796 0.0028068
4.9447236 0.0004331 -0.0722207 -0.1215398 -0.1937606 0.0000000 0.0000000 0.0433132 0.0027954
4.9849246 0.0004374 -0.0737803 -0.1239486 -0.1977289 0.0000000 0.0000000 0.0437405 0.0027841
5.0251256 0.0004416 -0.0753350 -0.1263643 -0.2016993 0.0000000 0.0000000 0.0441617 0.0027729
5.0653266 0.0004458 -0.0768846 -0.1287870 -0.2056716 0.0000000 0.0000000 0.0445768 0.0027618
5.1055276 0.0004499 -0.0784289 -0.1312169 -0.2096458 0.0000000 0.0000000 0.0449860 0.0027508
5.1457286 0.0004539 -0.0799677 -0.1336540 -0.2136218 0.0000000 0.0000000 0.0453894 0.0027399
5.1859296 0.0004579 -0.0815009 -0.1360986 -0.2175994 0.0000000 0.0000000 0.0457871 0.0027292
5.2261307 0.0004618 -0.0830282 -0.1385506 -0.2215788 0.0000000 0.0000000 0.0461793 0.0027185
5.2663317 0.0004657 -0.0845495 -0.1410103 -0.2255597 0.0000000 0.0000000 0.0465660 0.0027079
5.3065327 0.0004695 -0.0860646 -0.1434778 -0.2295423 0.0000000 0.0000000 0.0469473 0.0026974
5.3467337 0.0004732 -0.0875733 -0.1459532 -0.2335265 0.0000000 0.0000000 0.0473234 0.0026871
5.3869347 0.0004769 -0.0890756 -0.1484368 -0.2375124 0.0000000 0.0000000 0.0476944 0.0026768
5.4271357 0.0004806 -0.0905713 -0.1509286 -0.2414999 0.0000000 0.0000000 0.0480605 0.0026666
5.4673367 0.0004842 -0.0920602 -0.1534289 -0.2454891 0.0000000 0.0000000 0.0484216 0.0026565
5.5075377 0.0004878 -0.0935421 -0.1559378 -0.2494800 0.0000000 0.0000000 0.0487780 0.0026465
5.5477387 0.0004913 -0.0950171 -0.1584556 -0.2534727 0.0000000 0.0000000 0.0491297 0.0026366
5.5879397 0.0004948 -0.0964848 -0.1609825 -0.2574673 0.0000000 0.0000000 0.0494769 0.0026268
5.6281407 0.0004982 -0.0979453 -0.1635185 -0.2614639 0.0000000 0.0000000 0.0498196 0.0026171
5.6683417 0.0005016 -0.0993984 -0.1660641 -0.2654625 0.0000000 0.0000000 0.0501580 0.0026075
5.7085427 0.0005049 -0.1008440 -0.1686193 -0.2694633 0.0000000 0.0000000 0.0504922 0.0025980
5.7487437 0.0005082 -0.1022819 -0.1711844 -0.2734663 0.0000000 0.0000000 0.0508222 0.0025885
5.7889447 0.0005115 -0.1037122 -0.1737596 -0.2774718 0.0000000 0.0000000 0.0511483 0.0025792
5.8291457 0.0005147 -0.1051346 -0.1763452 -0.2814799 0.0000000 0.0000000 0.0514704 0.0025699
5.8693467 0.0005179 -0.1065492 -0.1789415 -0.2854906 0.0000000 0.0000000 0.0517887 0.0025607
5.9095477 0.0005210 -0.1079557 -0.1815486 -0.2895043 0.0000000 0.0000000 0.0521034 0.0025516
5.9497487 0.0005241 -0.1093542 -0.1841668 -0.2935210 0.0000000 0.0000000 0.0524144 0.0025425
5.9899497 0.0005272 -0.1107445 -0.1867964 -0.2975409 0.0000000 0.0000000 0.0527219 0.0025336
6.0301508 0.0005303 -0.1121266 -0.1894377 -0.3015643 0.0000000 0.0000000 0.0530260 0.0025247
6.0703518 0.0005333 -0.1135004 -0.1920909 -0.3055912 0.0000000 0.0000000 0.0533268 0.0025159
6.1105528 0.0005362 -0.1148658 -0.1947563 -0.3096221 0.0000000 0.0000000 0.0536244 0.0025071
6.1507538 0.0005392 -0.1162228 -0.1974342 -0.3136569 0.0000000 0.0000000 0.0539189 0.0024985
6.1909548 0.0005421 -0.1175713 -0.2001248 -0.3176961 0.0000000 0.0000000 0.0542104 0.0024899
6.2311558 0.0005450 -0.1189112 -0.2028286 -0.3217398 0.0000000 0.0000000 0.0544989 0.0024813
6.2713568 0.0005478 -0.1202426 -0.2055457 -0.3257882 0.0000000 0.0000000 0.0547846 0.0024729
6.3115578 0.0005507 -0.1215653 -0.2082764 -0.3298417 0.0000000 0.0000000 0.0550675 0.0024645
6.3517588 0.0005535 -0.1228793 -0.2110212 -0.3339005 0.0000000 0.0000000 0.0553478 0.0024561
6.3919598 0.0005563 -0.1241846 -0.2137802 -0.3379648 0.0000000 0.0000000 0.0556256 0.0024479
6.4321608 0.0005590 -0.1254811 -0.2165539 -0.3420350 0.0000000 0.0000000 0.0559008 0.0024397
6.4723618 0.0005617 -0.1267689 -0.2193424 -0.3461113 0.0000000 0.0000000 0.0561737 0.0024315
6.5125628 0.0005644 -0.1280478 -0.2221462 -0.3501940 0.0000000 0.0000000 0.0564443 0.0024234
6.5527638 0.0005671 -0.1293178 -0.2249656 -0.3542834 0.0000000 0.0000000 0.0567126 0.0024154
6.5929648 0.0005698 -0.1305789 -0.2278009 -0.3583798 0.0000000 0.0000000 0.0569789 0.0024074
6.6331658 0.0005724 -0.1318311 -0.2306524 -0.3624836 0.0000000 0.0000000 0.0572431 0.0023995
6.6733668 0.0005751 -0.1330744 -0.2335205 -0.3665950 0.0000000 0.0000000 0.0575053 0.0023916
6.7135678 0.0005777 -0.1343088 -0.2364055 -0.3707143 0.0000000 0.0000000 0.0577656 0.0023837
6.7537688 0.0005802 -0.1355342 -0.2393078 -0.3748420 0.0000000 0.0000000 0.0580241 0.0023760
6.7939698 0.0005828 -0.1367507 -0.2422277 -0.3789783 0.0000000 0.0000000 0.0582809 0.0023682
6.8341709 0.0005854 -0.1379581 -0.2451655 -0.3831236 0.0000000 0.0000000 0.0585361 0.0023605
6.8743719 0.0005879 -0.1391567 -0.2481216 -0.3872783 0.0000000 0.0000000 0.0587896 0.0023529
6.9145729 0.0005904 -0.1403462 -0.2510964 -0.3914426 0.0000000 0.0000000 0.0590417 0.0023453
6.9547739 0.0005929 -0.1415268 -0.2540902 -0.3956170 0.0000000 0.0000000 0.0592924 0.0023377
6.9949749 0.0005954 -0.1426985 -0.2571033 -0.3998017 0.0000000 0.0000000 0.0595417 0.0023302
7.0351759 0.0005979 -0.1438612 -0.2601361 -0.4039973 0.0000000 0.0000000 0.0597898 0.0023227
7.0753769 0.0006004 -0.1450149 -0.2631891 -0.4082040 0.0000000 0.0000000 0.0600366 0.0023152
7.1155779 0.0006028 -0.1461598 -0.2662624 -0.4124222 0.0000000 0.0000000 0.0602823 0.0023078
7.1557789 0.0006053 -0.1472958 -0.2693566 -0.4166523 0.0000000 0.0000000 0.0605270 0.0023004
7.1959799 0.0006077 -0.1484229 -0.2724719 -0.4208948 0.0000000 0.0000000 0.0607707 0.0022930
7.2361809 0.0006101 -0.1495411 -0.2756087 -0.4251499 0.0000000 0.0000000 0.0610134 0.0022857
7.2763819 0.0006126 -0.1506506 -0.2787674 -0.4294180 0.0000000 0.0000000 0.0612553 0.0022784
7.3165829 0.0006150 -0.1517513 -0.2819484 -0.4336997 0.0000000 0.0000000 0.0614964 0.0022711
7.3567839 0.0006174 -0.1528432 -0.2851519 -0.4379951 0.0000000 0.0000000 0.0617368 0.0022638
7.3969849 0.0006198 -0.1539264 -0.2883785 -0.4423049 0.0000000 0.0000000 0.0619766 0.0022566
7.4371859 0.0006222 -0.1550010 -0.2916283 -0.4466293 0.0000000 0.0000000 0.0622157 0.0022494
7.4773869 0.0006245 -0.1560670 -0.2949018 -0.4509688 0.0000000 0.0000000 0.0624543 0.0022422
7.5175879 0.0006269 -0.1571244 -0.2981994 -0.4553237 0.0000000 0.0000000 0.0626924 0.0022350
7.5577889 0.0006293 -0.1581733 -0.3015213 -0.4596946 0.0000000 0.0000000 0.0629302 0.0022278
7.5979899 0.0006317 -0.1592137 -0.3048680 -0.4640817 0.0000000 0.0000000 0.0631675 0.0022207
7.6381910 0.0006340 -0.1602458 -0.3082398 -0.4684856 0.0000000 0.0000000 0.0634046 0.0022136
7.6783920 0.0006364 -0.1612695 -0.3116370 -0.4729065 0.0000000 0.0000000 0.0636414 0.0022064
7.7185930 0.0006388 -0.1622850 -0.3150601 -0.4773450 0.0000000 0.0000000 0.0638781 0.0021993
7.7587940 0.0006411 -0.1632922 -0.3185092 -0.4818014 0.0000000 0.0000000 0.0641146 0.0021922
7.7989950 0.0006435 -0.1642914 -0.3219849 -0.4862762 0.0000000 0.0000000 0.0643510 0.0021851
7.8391960 0.0006459 -0.1652825 -0.3254873 -0.4907698 0.0000000 0.0000000 0.0645874 0.0021781
7.8793970 0.0006482 -0.1662656 -0.3290169 -0.4952825 0.0000000 0.0000000 0.0648239 0.0021710
7.9195980 0.0006506 -0.1672408 -0.3325740 -0.4998148 0.0000000 0.0000000 0.0650604 0.0021639
7.9597990 0.0006530 -0.1682083 -0.3361589 -0.5043672 0.0000000 0.0000000 0.0652970 0.0021568
8.0000000 0.0006553 -0.1691681 -0.3397718 -0.5089399 0.0000000 0.0000000 0.0655338 0.0021498
