0.0000000 0.0011661 0.0052936
0.0402010 0.0011428 0.0052819
0.0804020 0.0011196 0.0052700
0.1206030 0.0010964 0.0052578
0.1608040 0.0010732 0.0052454
0.2010050 0.0010501 0.0052327
0.2412060 0.0010271 0.0052198
0.2814070 0.0010041 0.0052067
0.3216080 0.0009812 0.0051934
0.3618090 0.0009583 0.0051798
0.4020101 0.0009356 0.0051661
0.4422111 0.0009129 0.0051521
0.4824121 0.0008902 0.0051380
0.5226131 0.0008677 0.0051236
0.5628141 0.0008452 0.0051091
0.6030151 0.0008229 0.0050944
0.6432161 0.0008006 0.0050795
0.6834171 0.0007784 0.0050644
0.7236181 0.0007564 0.0050492
0.7638191 0.0007344 0.0050338
0.8040201 0.0007125 0.0050182
0.8442211 0.0006908 0.0050025
0.8844221 0.0006692 0.0049867
0.9246231 0.0006477 0.0049707
0.9648241 0.0006263 0.0049546
1.0050251 0.0006050 0.0049384
1.0452261 0.0005839 0.0049220
1.0854271 0.0005629 0.0049056
1.1256281 0.0005420 0.0048890
1.1658291 0.0005213 0.0048723
1.2060302 0.0005007 0.0048556
1.2462312 0.0004803 0.0048388
1.2864322 0.0004600 0.0048218
1.3266332 0.0004398 0.0048048
1.3668342 0.0004198 0.0047878
1.4070352 0.0004000 0.0047706
1.4472362 0.0003803 0.0047535
1.4874372 0.0003607 0.0047362
1.5276382 0.0003413 0.0047189
1.5678392 0.0003221 0.0047016
1.6080402 0.0003030 0.0046843
1.6482412 0.0002841 0.0046669
1.6884422 0.0002654 0.0046495
1.7286432 0.0002468 0.0046321
1.7688442 0.0002284 0.0046147
1.8090452 0.0002101 0.0045972
1.8492462 0.0001921 0.0045798
1.8894472 0.0001742 0.0045624
1.9296482 0.0001564 0.0045449
1.9698492 0.0001389 0.0045275
2.0100503 0.0001215 0.0045102
2.0502513 0.0001043 0.0044928
2.0904523 0.0000872 0.0044755
2.1306533 0.0000704 0.0044582
2.1708543 0.0000537 0.0044409
2.2110553 0.0000372 0.0044237
2.2512563 0.0000208 0.0044065
2.2914573 0.0000047 0.0043894
2.3316583 -0.0000113 0.0043724
2.3718593 -0.0000271 0.0043554
2.4120603 -0.0000427 0.0043384
2.4522613 -0.0000582 0.0043215
2.4924623 -0.0000734 0.0043047
2.5326633 -0.0000885 0.0042880
2.5728643 -0.0001034 0.0042714
2.6130653 -0.0001182 0.0042548
2.6532663 -0.0001327 0.0042383
2.6934673 -0.0001471 0.0042219
2.7336683 -0.0001613 0.0042056
2.7738693 -0.0001754 0.0041894
2.8140704 -0.0001892 0.0041733
2.8542714 -0.0002029 0.0041572
2.8944724 -0.0002164 0.0041413
2.9346734 -0.0002298 0.0041255
2.9748744 -0.0002429 0.0041098
3.0150754 -0.0002559 0.0040942
3.0552764 -0.0002688 0.0040787
3.0954774 -0.0002814 0.0040633
3.1356784 -0.0002939 0.0040480
3.1758794 -0.0003062 0.0040329
3.2160804 -0.0003184 0.0040178
3.2562814 -0.0003303 0.0040029
3.2964824 -0.0003422 0.0039881
3.3366834 -0.0003538 0.0039734
3.3768844 -0.0003653 0.0039588
3.4170854 -0.0003766 0.0039444
3.4572864 -0.0003878 0.0039301
3.4974874 -0.0003988 0.0039159
3.5376884 -0.0004097 0.0039018
3.5778894 -0.0004204 0.0038879
3.6180905 -0.0004309 0.0038741
3.6582915 -0.0004413 0.0038604
3.6984925 -0.0004515 0.0038469
3.7386935 -0.0004616 0.0038335
3.7788945 -0.0004716 0.0038202
3.8190955 -0.0004813 0.0038070
3.8592965 -0.0004910 0.0037940
3.8994975 -0.0005005 0.0037811
3.9396985 -0.0005098 0.0037684
3.9798995 -0.0005190 0.0037557
4.0201005 -0.0005281 0.0037433
4.0603015 -0.0005370 0.0037309
4.1005025 -0.0005458 0.0037187
4.1407035 -0.0005544 0.0037066
4.1809045 -0.0005630 0.0036947
4.2211055 -0.0005713 0.0036828
4.2613065 -0.0005796 0.0036712
4.3015075 -0.0005877 0.0036596
4.3417085 -0.0005957 0.0036482
4.3819095 -0.0006035 0.0036369
4.4221106 -0.0006113 0.0036258
4.4623116 -0.0006189 0.0036147
4.5025126 -0.0006263 0.0036039
4.5427136 -0.0006337 0.0035931
4.5829146 -0.0006409 0.0035825
4.6231156 -0.0006481 0.0035720
4.6633166 -0.0006551 0.0035616
4.7035176 -0.0006619 0.0035514
4.7437186 -0.0006687 0.0035413
4.7839196 -0.0006754 0.0035313
4.8241206 -0.0006819 0.0035215
4.8643216 -0.0006884 0.0035118
4.9045226 -0.0006947 0.0035022
4.9447236 -0.0007009 0.0034927
4.9849246 -0.0007070 0.0034834
5.0251256 -0.0007130 0.0034741
5.0653266 -0.0007189 0.0034651
5.1055276 -0.0007248 0.0034561
5.1457286 -0.0007305 0.0034472
5.1859296 -0.0007361 0.0034385
5.2261307 -0.0007416 0.0034299
5.2663317 -0.0007470 0.0034214
5.3065327 -0.0007523 0.0034130
5.3467337 -0.0007576 0.0034048
5.3869347 -0.0007627 0.0033967
5.4271357 -0.0007678 0.0033886
5.4673367 -0.0007727 0.0033807
5.5075377 -0.0007776 0.0033729
5.5477387 -0.0007824 0.0033653
5.5879397 -0.0007871 0.0033577
5.6281407 -0.0007917 0.0033502
5.6683417 -0.0007962 0.0033429
5.7085427 -0.0008007 0.0033357
5.7487437 -0.0008051 0.0033285
5.7889447 -0.0008094 0.0033215
5.8291457 -0.0008136 0.0033146
5.8693467 -0.0008177 0.0033078
5.9095477 -0.0008218 0.0033011
5.9497487 -0.0008258 0.0032945
5.9899497 -0.0008297 0.0032880
6.0301508 -0.0008336 0.0032815
6.0703518 -0.0008374 0.0032752
6.1105528 -0.0008411 0.0032690
6.1507538 -0.0008447 0.0032629
6.1909548 -0.0008483 0.0032569
6.2311558 -0.0008518 0.0032510
6.2713568 -0.0008553 0.0032452
6.3115578 -0.0008587 0.0032394
6.3517588 -0.0008620 0.0032338
6.3919598 -0.0008653 0.0032282
6.4321608 -0.0008685 0.0032228
6.4723618 -0.0008716 0.0032174
6.5125628 -0.0008747 0.0032121
6.5527638 -0.0008777 0.0032069
6.5929648 -0.0008807 0.0032018
6.6331658 -0.0008836 0.0031967
6.6733668 -0.0008865 0.0031918
6.7135678 -0.0008893 0.0031869
6.7537688 -0.0008921 0.0031821
6.7939698 -0.0008948 0.0031774
6.8341709 -0.0008974 0.0031728
6.8743719 -0.0009000 0.0031682
6.9145729 -0.0009026 0.0031637
6.9547739 -0.0009051 0.0031593
6.9949749 -0.0009076 0.0031550
7.0351759 -0.0009100 0.0031507
7.0753769 -0.0009123 0.0031466
7.1155779 -0.0009147 0.0031425
7.1557789 -0.0009170 0.0031384
7.1959799 -0.0009192 0.0031344
7.2361809 -0.0009214 0.0031305
7.2763819 -0.0009235 0.0031267
7.3165829 -0.0009257 0.0031229
7.3567839 -0.0009277 0.0031192
7.3969849 -0.0009298 0.0031156
7.4371859 -0.0009318 0.0031120
7.4773869 -0.0009337 0.0031085
7.5175879 -0.0009357 0.0031050
7.5577889 -0.0009375 0.0031016
7.5979899 -0.0009394 0.0030983
7.6381910 -0.0009412 0.0030950
7.6783920 -0.0009430 0.0030918
7.7185930 -0.0009447 0.0030886
7.7587940 -0.0009464 0.0030855
7.7989950 -0.0009481 0.0030825
7.8391960 -0.0009498 0.0030795
7.8793970 -0.0009514 0.0030766
7.9195980 -0.0009530 0.0030737
7.9597990 -0.0009545 0.0030708
8.0000000 -0.0009560 0.0030680
